100
167 96 732
176 1875 2491
166 1645 2164
101 10 417
33 2684 2840
60 882 1100
49 2489 2639
133 1722 2060
107 1347 1706
174 1452 1718
125 1093 1448
79 810 1011
169 139 683
89 156 496
184 2473 2990
99 822 1072
180 646 1096
142 1860 2234
106 548 865
62 2522 2727
74 2188 2425
92 1573 1857
64 2270 2512
94 1449 1839
188 484 1061
89 2458 2713
126 702 1139
138 1476 1781
189 1647 2243
123 806 1009
165 2492 2779
95 322 682
37 2198 2301
34 1093 1173
26 1920 2020
173 2746 3219
150 2507 2912
45 1648 1784
178 1899 2470
150 2198 2632
48 1290 1418
199 931 1480
54 1442 1563
170 1648 2184
146 1648 2043
99 0 252
129 1917 2263
149 2046 2691
60 1339 1511
189 1025 1694
133 2199 2569
62 1471 1603
96 2491 2670
92 849 1149
140 1422 1893
143 1550 1811
180 95 830
145 826 1337
5 825 836
136 122 699
67 780 1020
194 2473 3218
2 2090 2094
77 491 745
158 1647 2130
54 823 997
89 2101 2368
7 1092 1106
63 2198 2336
168 291 944
152 2645 3077
186 2458 3246
193 1524 2046
181 2483 3092
114 1739 1966
35 2484 2576
43 883 1001
51 4 162
190 2183 3022
169 141 724
151 1373 1686
115 2396 2859
185 537 978
76 539 761
55 1816 1999
115 2473 2733
33 2461 2521
82 1577 1811
94 2371 2625
161 822 1397
71 1488 1697
191 211 1057
171 1916 2566
88 841 1173
76 1373 1604
118 546 1015
161 1651 2203
142 2377 2818
86 761 1016
39 2482 2615
