150
122 3104 3499
71 1498 1681
5 932 944
39 3505 3643
84 431 628
193 751 1345
94 1891 2186
36 1421 1555
81 3351 3651
179 1129 1649
153 2483 3105
25 1919 1995
158 1150 1590
152 1906 2164
66 761 978
40 1149 1257
18 1497 1547
146 1401 1862
135 2397 2764
13 1107 1146
102 3509 3844
114 2325 2573
150 2105 2444
162 751 1284
33 3652 3749
34 2290 2427
3 362 371
125 3168 3632
81 1125 1362
148 3007 3366
88 747 1094
95 3509 3770
93 223 545
75 1126 1315
113 1576 1895
113 241 547
166 1402 2092
5 2246 2264
190 2307 2819
72 804 1068
59 2551 2730
69 3426 3619
167 689 1204
93 3385 3551
47 2435 2547
53 2925 3082
148 2629 3099
195 415 1173
139 3005 3493
130 3383 3757
100 6 332
71 2255 2502
146 2205 2517
91 2169 2352
137 3354 3625
91 2173 2371
83 1429 1700
196 632 1292
141 3656 4174
143 0 336
113 1494 1663
4 1116 1126
147 3383 3853
157 1879 2320
82 1449 1685
113 0 525
137 2402 2762
151 1589 1938
153 199 681
21 1505 1585
108 1879 2320
69 3385 3611
11 2970 3012
60 2255 2482
110 375 599
72 3002 3205
114 3260 3666
22 3279 3354
163 1427 1928
13 871 918
161 746 1139
126 1130 1544
92 2631 2938
165 2510 3038
87 1652 1897
22 3002 3056
21 3444 3498
39 964 1041
94 3345 3608
106 2257 2520
152 167 693
36 3369 3501
170 3333 3909
101 1306 1583
126 3428 3903
75 2382 2699
160 2682 3090
113 1893 2254
9 675 704
184 3300 3990
67 1184 1468
196 2190 3027
131 1341 1678
29 355 434
160 1127 1814
42 3393 3500
36 2630 2718
175 3729 4146
88 3007 3242
9 2128 2152
2 160 164
176 1741 1999
108 3310 3586
150 2258 2618
94 2933 3194
85 125 493
181 2254 2538
198 2815 3605
179 1769 2337
163 2621 2955
3 2637 2648
29 1398 1460
169 3681 4139
159 2215 2742
133 3092 3435
149 1879 2320
132 3007 3421
137 1130 1603
200 1053 1420
66 1127 1317
199 2688 3167
87 3062 3364
181 1780 2321
117 1891 2173
160 526 993
37 2283 2378
112 1805 2114
61 0 267
117 865 1351
63 31 219
180 3749 4133
15 2990 3048
90 375 545
176 1502 2141
28 2630 2712
35 1495 1557
194 319 950
27 2321 2398
83 2628 2853
98 3754 4108
