200
98 503 753
161 3915 4371
140 227 541
179 643 1367
143 3911 4370
192 493 1084
167 4453 5159
163 478 958
61 2532 2704
25 1378 1432
20 3465 3497
58 986 1227
79 1478 1677
190 2055 2522
82 992 1248
18 989 1035
99 118 458
123 1 371
76 3515 3766
133 4157 4645
178 544 1330
143 2475 2973
82 3060 3261
122 1534 1927
10 559 597
200 3459 3976
168 1037 1578
101 4006 4363
111 1484 1788
59 3009 3200
106 2928 3324
63 1447 1601
17 3514 3586
7 4505 4527
75 4942 5152
200 4949 5556
68 990 1251
159 1963 2460
30 2161 2226
138 3052 3573
155 1486 2066
199 3384 4019
187 2459 3153
170 1485 1858
27 4949 5039
101 487 692
190 1101 1604
183 1994 2520
158 3518 3923
116 255 544
94 3711 4030
98 1980 2245
108 2075 2476
87 2976 3262
172 3124 3498
125 3475 3925
94 4422 4618
47 381 550
130 2474 2983
65 2962 3177
128 490 990
77 3788 4031
110 1412 1712
106 4002 4468
91 2139 2448
35 1962 2088
90 521 704
107 2467 2899
183 2481 2896
62 732 915
162 3465 3856
39 2176 2296
125 4554 4822
156 1969 2417
63 97 308
153 1507 1978
54 3905 4004
162 1399 1892
48 2101 2176
55 3465 3641
69 2426 2666
61 495 674
41 3963 4040
88 2334 2629
157 4261 4759
19 4248 4307
29 4454 4555
138 496 930
7 3456 3476
45 2473 2596
10 2484 2512
15 3576 3605
192 2481 3185
170 571 1165
1 2598 2601
97 1484 1747
46 3965 4119
188 3380 3903
19 35 101
125 1813 2258
59 3944 4128
182 3953 4551
67 946 1160
108 3482 3840
199 9 486
110 3775 4084
70 3757 3970
172 1825 2405
143 793 1275
199 3113 3617
14 3980 4007
40 4662 4783
101 4258 4434
14 988 1032
101 3268 3643
74 155 377
50 479 645
4 3974 3987
179 2329 2781
24 346 389
27 2943 3055
198 3960 4606
122 989 1298
95 442 902
119 2489 2949
139 1345 1750
49 1540 1655
52 494 623
173 3888 4184
84 564 908
74 2952 3163
167 1077 1497
85 3024 3240
107 499 814
113 164 526
72 179 361
156 1382 1875
141 992 1365
78 1984 2256
175 4210 4845
60 13 175
177 1979 2738
116 2194 2471
5 4941 4957
127 3533 3915
61 4263 4475
181 383 1087
100 282 633
30 2972 3052
69 4295 4445
167 2798 3353
114 2333 2698
200 4147 4793
54 3279 3390
72 3730 4010
44 509 606
51 4649 4731
51 209 346
127 2438 2867
121 3952 4352
142 2802 3286
170 511 889
93 1341 1636
164 0 535
134 1988 2294
65 4482 4720
106 3261 3641
104 1895 2085
102 2411 2733
17 4452 4500
108 4949 5358
42 1980 2102
29 4453 4554
161 2929 3267
5 2473 2485
48 1131 1289
11 4451 4486
172 2060 2510
80 1694 1952
3 1979 1989
153 4807 5354
185 2477 2929
163 1972 2558
126 3696 4117
90 3634 3885
105 3959 4203
41 946 1053
55 3456 3643
84 3386 3662
92 0 337
120 320 788
157 1267 1849
198 2975 3730
96 4631 4974
45 2895 3031
108 3410 3764
38 530 655
1 2663 2666
148 1830 2288
103 2990 3118
