250
138 4 437
13 2585 2615
71 2494 2673
133 3758 4224
24 0 45
127 12 329
188 3130 3743
56 4398 4566
62 5848 6108
200 5030 5487
178 5007 5386
189 5348 5828
75 4951 5224
85 5564 5856
139 5413 5856
137 5020 5302
198 4940 5542
184 5169 5801
184 1247 1686
28 1877 1961
10 1885 1911
167 1902 2438
100 1877 2079
45 1225 1347
153 4730 5189
120 6237 6543
185 5068 5663
16 5032 5075
192 5346 5970
125 1252 1577
100 5059 5367
179 513 1259
79 1730 1936
22 585 663
173 1242 1757
64 6258 6440
68 1868 2112
58 4382 4569
141 5590 6079
124 1899 2119
111 626 855
151 5469 5890
174 3755 4198
114 5647 5850
149 2677 3017
184 2970 3324
70 6257 6425
75 5007 5319
155 4149 4625
169 5895 6376
94 5080 5396
146 4176 4585
66 5002 5195
185 5760 6316
85 4991 5295
169 5634 6274
36 4808 4906
187 4528 5084
142 1878 2284
15 1264 1316
132 1192 1598
68 4593 4808
142 625 984
144 2472 2786
66 2472 2614
14 6255 6284
52 4360 4545
171 4966 5683
95 1246 1554
169 6236 6448
56 5782 5976
113 5746 6126
200 4381 4985
169 3818 4188
175 2503 2937
37 5967 6078
1 3756 3759
159 4145 4628
56 891 1074
12 2391 2421
161 4963 5478
55 3891 4035
128 63 387
97 2847 3129
1 2 5
43 1252 1384
64 2117 2256
147 1892 2350
80 626 843
183 5371 6170
52 3335 3469
181 2451 2962
112 2016 2293
81 1896 2131
199 5009 5600
63 3103 3265
159 1253 1811
179 1873 2355
85 5187 5440
112 2600 3012
64 1936 2109
142 2783 3370
93 3756 4083
150 3129 3635
11 6256 6291
139 3219 3601
137 3130 3519
30 5641 5717
14 842 872
20 5008 5063
179 4372 4939
18 6250 6318
128 2476 2804
61 3630 3785
198 5638 6128
44 1839 1968
98 5632 5910
64 625 816
18 3722 3789
139 5004 5534
57 5465 5619
149 5274 5737
14 2357 2411
80 6150 6385
39 2043 2127
15 758 795
1 5637 5640
95 3698 3912
31 1257 1354
77 6177 6510
134 4362 4714
190 0 630
69 2708 2908
147 6177 6781
74 2765 3045
103 5419 5772
23 142 210
176 2258 2767
65 1235 1427
183 3388 3926
37 3130 3242
191 4373 5194
126 959 1326
16 1807 1858
83 3130 3352
21 2828 2894
148 4956 5489
103 2071 2338
97 564 716
7 0 23
159 1251 1880
164 3130 3658
61 665 858
93 1051 1435
69 592 779
22 2391 2448
59 2893 3105
145 4914 5250
101 2219 2539
40 1671 1828
24 5633 5690
133 4091 4619
173 3 464
187 1906 2480
159 3760 4335
186 5517 6197
93 1815 2095
43 1318 1471
85 5977 6340
172 3131 3771
130 3991 4415
39 2858 2943
138 3134 3613
91 625 920
152 366 799
31 3571 3719
49 905 1046
7 3606 3630
71 5632 5829
183 5692 6393
148 1 471
195 616 1188
145 5542 5835
138 619 875
1 4714 4717
200 353 1080
35 4362 4438
180 5055 5316
18 218 268
37 5201 5293
54 5651 5789
95 2144 2444
60 5291 5438
150 2211 2771
141 2801 3143
127 631 936
17 3135 3179
194 625 1148
101 3239 3682
122 5637 6097
113 1397 1774
8 3043 3067
37 4183 4318
49 5661 5780
175 5631 6366
146 4389 4940
58 4696 4837
135 4384 4722
153 2845 3277
150 3125 3482
1 1349 1352
186 4465 5030
170 639 1120
174 4964 5697
163 5633 6215
11 2481 2520
105 3655 3963
4 6259 6271
181 1818 2278
20 5943 6008
30 1884 1964
80 924 1160
38 6028 6142
146 1334 1758
186 4076 4640
126 707 1112
58 5406 5617
36 5190 5287
133 2498 2883
87 5846 6118
80 3751 3991
116 1442 1691
74 6054 6279
100 3834 4142
55 5677 5787
126 4981 5573
66 627 846
125 5756 5937
130 5662 6035
67 3131 3301
5 1846 1858
1 3294 3297
131 528 874
42 2432 2565
180 5736 6171
26 3759 3849
184 4977 5368
86 5482 5774
150 1871 2304
3 1975 1985
