300
107 715 875
31 3669 3768
17 5049 5091
141 5665 6053
119 2183 2499
146 2932 3248
133 7344 7771
135 5436 5821
183 7300 7865
9 6573 6604
151 4434 4806
172 5859 6316
128 5287 5638
25 4842 4922
35 3667 3789
42 5562 5671
157 4463 4978
159 624 1064
27 5938 5987
169 5337 5656
194 1075 1749
3 2926 2934
84 1013 1180
52 3547 3711
113 6473 6746
165 1914 2298
147 3382 3806
49 5600 5754
69 6624 6809
183 6571 7341
25 2902 2965
42 2930 3017
109 2932 3451
60 3679 3776
130 1005 1277
53 5921 6024
188 1730 2455
183 5147 5707
152 714 1043
187 2968 3597
199 715 1552
176 1933 2418
70 713 876
94 3669 3976
106 5275 5644
29 767 846
162 1454 1880
175 2918 3312
115 4326 4624
30 4463 4553
132 679 1162
152 2238 2897
162 6714 7178
133 2750 3156
164 2906 3463
40 1890 2019
152 1178 1628
52 7270 7472
1 1453 1456
165 7034 7659
61 6587 6811
89 3696 4032
156 928 1381
22 4409 4465
58 2931 3104
123 5148 5482
39 4903 5017
119 6625 7025
129 3350 3712
120 3020 3368
74 986 1197
139 4444 4838
72 2526 2782
155 7352 7700
41 3671 3808
168 1880 2366
135 3794 4248
13 6138 6182
44 715 895
24 1873 1949
195 6599 7018
187 3664 3965
108 5126 5398
121 6661 6955
91 2130 2487
36 3668 3793
39 28 141
141 6646 7051
8 5117 5142
34 4545 4660
140 2932 3309
170 2086 2844
179 7175 7541
111 7298 7690
32 1386 1476
115 2163 2535
29 1431 1545
99 4409 4627
176 3670 4112
95 6612 6912
37 175 278
14 5364 5403
160 2930 3357
135 7329 7795
38 4341 4458
188 716 1294
49 6627 6807
65 2445 2644
164 6778 7321
164 7362 7884
106 5170 5453
187 6973 7510
49 5395 5562
58 1077 1174
200 4144 4820
71 4008 4210
20 395 465
23 647 699
164 2966 3392
167 3827 4435
103 1454 1774
128 5147 5391
61 3804 3951
75 5233 5444
20 3625 3673
91 1449 1803
192 4416 5250
61 774 893
51 2923 3039
131 4426 4817
113 1332 1671
53 2938 3070
161 1219 1829
186 714 1185
93 6604 6962
126 5385 5768
8 1403 1434
164 5137 5531
61 5056 5225
66 86 278
68 6032 6232
122 4353 4749
53 3684 3820
129 83 434
3 5891 5899
67 1450 1626
80 2234 2451
142 7055 7515
47 3669 3797
61 5885 6115
40 4038 4165
140 5885 6337
30 1217 1314
11 1479 1497
70 4394 4586
89 2086 2298
67 2233 2507
90 4390 4687
153 3850 4162
80 738 1030
179 2099 2548
172 665 1220
28 7219 7301
111 3669 3997
186 6622 7172
155 580 1056
91 1802 2057
102 5304 5693
66 4157 4440
154 1326 1883
6 507 520
80 4407 4669
129 4413 4840
183 4071 4613
98 2608 2952
195 3126 3652
166 6666 7216
151 3652 4284
105 2952 3237
198 6539 6977
137 2233 2749
125 1528 1837
152 728 1117
34 6676 6760
146 5053 5479
78 5039 5352
170 3525 3973
106 717 1072
150 2201 2685
86 2024 2276
24 5812 5893
27 4887 4972
193 5130 5832
145 743 1215
170 2181 2677
40 279 395
2 5660 5666
185 2931 3596
96 4685 5040
25 6771 6831
179 3607 4057
180 293 922
8 2931 2950
174 608 1024
82 1467 1819
112 1527 1893
70 4083 4184
10 78 113
160 7189 7650
36 5892 5976
94 6689 7051
134 2932 3300
69 5225 5404
114 1665 1937
144 7000 7473
127 1647 1940
7 7267 7287
184 1981 2625
137 2868 3325
50 42 203
32 5149 5200
89 806 1042
59 715 874
52 7362 7489
7 5873 5889
70 1944 2149
103 2931 3108
61 873 1039
16 1575 1622
186 3810 4317
65 4360 4552
77 2284 2522
177 2059 2395
39 4227 4324
105 753 1030
28 3713 3816
164 2855 3369
39 3831 3962
36 7362 7465
29 5453 5578
8 485 501
24 6965 7033
84 5135 5343
104 2856 3116
35 4520 4600
43 5145 5264
99 6624 6892
133 6923 7404
179 2282 2768
19 5888 5953
129 3742 3966
123 7258 7645
79 6981 7195
77 4441 4634
40 4597 4738
87 6991 7187
74 3786 3991
65 4425 4598
163 7355 7630
117 2954 3355
169 5694 6187
100 5341 5665
119 6578 7059
181 3910 4587
74 820 1067
6 7088 7104
115 715 979
124 731 1131
103 1409 1668
138 5884 6310
192 0 516
133 5169 5502
49 5835 5953
105 4407 4829
52 2930 3060
143 3358 3813
7 1170 1192
144 2192 2632
66 2032 2149
26 521 591
45 1893 1993
171 2122 2725
158 1553 1892
74 1454 1687
90 3669 3953
93 5130 5459
34 2366 2461
118 6728 7220
60 3690 3876
109 5898 6245
200 5781 6247
198 497 1145
48 4284 4410
176 6628 7142
24 4854 4938
91 3907 4108
54 4924 5131
74 1082 1375
75 5015 5292
160 912 1575
