350
143 3473 3829
30 345 426
59 543 692
24 216 274
8 3661 3691
123 7738 8034
58 1655 1846
72 6195 6367
83 6966 7183
173 3689 4261
83 7554 7771
107 8583 8879
64 7060 7172
22 3473 3533
32 869 943
128 4751 5078
7 4341 4367
70 7577 7898
134 6263 6738
114 5035 5268
121 5179 5605
107 5957 6324
96 8683 8913
83 1692 1959
134 6482 6872
107 8390 8687
93 866 1242
8 2761 2789
131 1736 2203
195 3479 3936
116 2532 2970
37 5209 5291
170 4131 4765
135 6081 6492
53 5829 5956
91 6158 6319
75 3655 3958
199 3472 3953
133 2606 3130
179 6075 6456
199 1775 2382
9 2464 2488
78 3047 3352
19 863 917
146 6636 6976
120 8140 8604
134 28 375
154 6952 7509
191 2604 3129
23 7815 7890
150 960 1333
79 6966 7302
194 5167 5826
80 4388 4588
182 3847 4427
84 4294 4548
79 6119 6266
3 5246 5258
190 4382 5148
27 6066 6170
90 7591 7882
53 7274 7449
52 1254 1387
132 6073 6383
61 6121 6235
80 1734 1942
40 7883 7926
134 6272 6575
147 281 686
49 3810 3931
184 5210 5817
8 6078 6095
57 8110 8260
184 3879 4406
33 1495 1550
169 4345 4989
84 5067 5231
122 7806 8145
24 6764 6804
11 4284 4307
117 880 1148
27 836 922
185 3478 3955
128 3614 3999
76 6052 6270
43 7831 7944
142 4025 4416
63 4316 4504
16 5383 5433
58 1693 1849
165 3286 4050
62 3501 3619
32 27 143
30 63 126
31 3926 3986
148 6955 7331
184 1757 2234
125 1896 2328
35 7717 7847
99 5186 5507
169 5307 5848
20 1736 1810
147 4737 5225
70 5199 5400
35 7739 7856
183 990 1664
115 891 1228
164 1126 1536
84 7820 8092
56 341 527
171 6818 7489
141 2348 2887
194 1640 2150
140 7609 8049
38 2195 2332
181 2675 2999
20 7793 7850
195 3388 3970
143 1500 1807
42 5284 5414
14 1149 1198
19 256 288
59 6956 7156
82 874 1230
100 5416 5585
144 1730 2092
159 5218 5810
94 2492 2782
26 4927 4986
119 6078 6352
79 5653 5905
24 1163 1242
200 10 640
7 7144 7166
40 3474 3590
163 5207 5751
144 8313 8618
161 4167 4666
144 7530 7960
16 5231 5273
129 7596 8022
75 7053 7226
136 4347 4807
127 5 317
121 537 935
18 7805 7860
28 3440 3506
39 6948 7069
84 5209 5467
122 8006 8390
15 5254 5301
131 2674 3165
187 3478 4126
77 4129 4405
147 6913 7216
97 6825 7121
66 1272 1452
6 7502 7525
103 1736 2151
44 5174 5308
160 2117 2775
121 6947 7235
123 6518 6826
110 5290 5594
55 5372 5525
78 2436 2682
194 6074 6690
7 7735 7757
19 4297 4328
93 1120 1399
10 4727 4748
120 6 298
137 680 921
138 1735 2118
182 3859 4413
56 6521 6740
9 1129 1159
80 2607 2871
9 6460 6495
156 863 1358
199 3739 4240
174 5226 5614
155 871 1319
173 2212 2639
18 6252 6309
33 1767 1857
109 3538 3906
44 3587 3746
105 2128 2553
90 3791 4057
2 667 672
118 6950 7226
123 6930 7209
187 6058 6527
67 8677 8869
105 4742 5102
112 7777 8097
97 2 305
54 6953 7125
15 4972 5017
84 868 1074
115 2493 3018
68 6574 6832
62 6086 6303
42 6078 6208
146 2895 3473
66 3339 3477
125 6937 7212
139 1829 2194
127 1062 1326
103 7758 8063
45 6790 6935
197 940 1657
113 6667 6972
194 4594 4844
193 5212 5679
10 3540 3577
64 4035 4274
177 7411 7842
90 3472 3760
27 6868 6962
69 7202 7435
143 4504 5073
153 1790 2207
44 4346 4454
196 4038 4793
177 5365 5702
193 868 1457
6 8263 8280
84 4303 4584
180 7911 8438
127 2533 3081
145 6083 6610
19 865 901
173 1754 2083
102 5069 5431
125 2280 2553
15 853 903
10 4366 4389
79 6 224
200 874 1288
12 5548 5578
118 4320 4641
190 3449 3876
14 1361 1401
183 3473 4100
97 8243 8528
92 2 257
53 2690 2862
67 25 189
101 836 1120
106 8682 9080
49 2647 2821
175 3316 3958
55 6974 7141
173 1830 2434
59 852 1007
80 3628 3805
140 7324 7710
2 7935 7942
194 108 638
113 2513 2843
101 7801 8151
140 5912 6283
53 2605 2772
14 8674 8705
151 1765 2301
102 8208 8504
71 3774 3882
56 6946 7123
64 593 829
196 6956 7521
193 7203 7841
173 7950 8531
124 7953 8229
120 3639 3993
152 5172 5360
164 8623 9174
12 3343 3382
105 4832 5219
13 897 929
51 698 863
170 4991 5631
2 817 821
73 6068 6242
192 4918 5813
189 7867 8621
59 3653 3821
26 2602 2684
182 6093 6885
27 27 116
100 870 1062
175 1601 2203
57 822 986
180 6945 7351
125 846 1187
184 886 1307
10 3460 3498
69 8325 8422
72 5765 5918
91 2367 2611
185 7433 8015
178 6938 7439
154 1078 1490
82 8681 8864
122 7738 8337
116 4332 4630
109 1537 1904
45 924 1017
136 866 1201
153 1736 2055
37 7881 7978
176 0 686
105 3348 3639
141 730 1163
168 5345 6017
199 4341 4983
139 6077 6365
164 7323 7742
99 856 1117
134 5286 5696
150 7062 7633
77 18 225
16 6945 6998
40 2075 2140
69 5213 5456
73 1012 1275
165 874 1337
49 5251 5401
196 7079 7775
94 2577 2741
42 5210 5295
26 2369 2458
29 628 709
90 4285 4585
71 3475 3706
78 7803 8111
56 6158 6308
44 288 395
146 941 1363
165 7969 8562
184 6067 6714
163 2639 3276
112 6072 6406
62 5210 5429
187 2614 3533
131 4350 4746
180 860 1479
39 6129 6197
113 3494 3830
