400
128 1008 1358
173 1560 2098
106 2609 2954
87 7063 7298
49 943 1070
188 1478 1872
7 3056 3075
176 2060 2506
76 1008 1153
55 7378 7581
188 4756 5374
164 8341 8793
146 6059 6469
29 1648 1722
139 1009 1551
181 917 1446
198 5092 5449
6 8998 9012
166 3106 3642
100 274 635
156 5047 5531
40 4034 4181
114 8083 8415
155 3035 3226
109 7064 7344
4 5121 5133
183 7056 7719
47 3121 3242
142 8952 9425
156 7614 8098
139 1009 1251
58 1007 1168
130 4312 4874
163 2018 2551
83 1853 2094
129 221 499
115 24 328
159 6875 7383
143 2018 2324
32 10012 10104
87 9150 9417
64 34 198
40 9017 9103
146 2519 2946
131 1910 2263
18 6196 6273
189 8433 8953
168 9095 9569
80 282 551
173 3042 3717
11 7119 7155
191 3629 4076
158 6590 7015
90 9609 9947
38 1009 1138
114 8944 9156
66 1008 1212
199 1486 2061
3 48 57
180 5095 5542
47 4618 4755
175 6055 6723
18 2012 2054
105 2 397
131 1033 1410
18 3999 4048
36 2305 2417
155 7059 7583
37 3999 4082
97 4094 4292
171 4998 5341
177 7048 7570
161 1412 1943
177 8200 8836
24 898 973
122 20 313
76 208 363
61 7066 7204
136 3634 3980
171 4274 4586
19 9345 9400
127 8074 8558
116 7664 7904
55 5048 5194
121 8695 9108
65 9083 9325
1 9083 9086
108 8523 8906
99 4154 4442
185 5047 5582
177 3861 4160
109 2879 3263
181 5046 5593
174 5206 5695
20 1546 1628
130 6830 7178
150 5100 5555
189 10077 10733
128 7046 7356
55 2188 2323
11 30 63
23 7504 7573
160 6130 6588
193 7112 7655
62 6055 6249
99 487 625
124 997 1345
152 2166 2502
7 1031 1049
74 6030 6301
33 7790 7863
52 1420 1604
145 7711 8186
127 512 710
128 6331 6701
7 10090 10113
119 2059 2370
72 7898 8117
14 9248 9282
58 6383 6546
13 5627 5671
137 9079 9372
131 9482 9865
142 7065 7529
21 1588 1648
32 2012 2130
91 2944 3148
127 2026 2419
10 7065 7100
9 1161 1186
11 2004 2040
78 1154 1391
26 5209 5280
42 3026 3068
159 2545 2978
63 723 890
96 10043 10342
9 1375 1400
180 7061 7516
128 5791 6050
65 1488 1697
181 1907 2475
91 2020 2292
32 7066 7171
67 10036 10193
126 62 337
81 7064 7317
191 3027 3313
101 9085 9418
188 6659 7318
163 2006 2325
8 3422 3448
44 7910 8005
125 4410 4754
26 5048 5134
191 9129 9944
90 251 509
91 3724 4051
13 6056 6097
47 1009 1135
56 9880 10093
114 3170 3506
138 4755 5165
88 10051 10289
147 7100 7356
4 6620 6630
180 7947 8480
59 4030 4157
168 8325 8892
42 4176 4319
90 0 321
60 6020 6238
113 7117 7477
169 7065 7462
24 4779 4849
170 7832 8371
120 7419 7740
21 7083 7161
141 8777 9216
12 9083 9123
130 3026 3450
65 1983 2192
157 2323 3039
3 8807 8819
179 6726 7248
59 4175 4340
99 2091 2512
107 6092 6333
49 5633 5849
48 1519 1636
63 1836 1971
133 2197 2713
9 9467 9488
72 9952 10179
125 8091 8432
23 10073 10131
198 3618 4189
199 4037 4459
44 7158 7255
72 9084 9350
60 7901 8077
154 383 763
79 9846 10090
96 7960 8158
83 1969 2285
113 8188 8541
199 7063 7708
17 5045 5098
85 262 492
99 6422 6737
148 6984 7543
141 758 1273
31 1992 2056
14 1022 1091
120 8312 8665
70 2887 3162
104 8208 8547
143 7598 7957
70 9274 9515
132 301 589
144 644 1101
134 483 1088
5 6056 6074
91 868 1192
90 6050 6390
200 3335 3938
39 4037 4132
197 6956 7519
180 3371 3956
24 5343 5420
142 6347 6722
42 1921 2015
17 5049 5090
54 4051 4169
113 3003 3305
25 2716 2779
15 8074 8120
4 824 836
42 2018 2105
81 5045 5212
130 983 1365
92 7064 7374
46 8592 8764
177 9055 9558
97 9683 10052
180 4037 4677
63 2002 2267
130 4037 4479
126 9105 9418
139 5033 5421
182 7962 8412
171 3950 4628
91 6088 6338
99 6047 6296
149 7526 8096
157 4035 4483
131 10002 10336
54 1767 1980
9 6406 6444
196 8866 9671
175 51 651
65 3027 3218
46 4037 4163
181 3895 4443
5 3012 3024
158 6038 6771
109 2019 2384
6 9099 9116
162 8051 8474
106 1010 1417
198 3282 3743
157 5617 6013
30 5046 5165
166 7995 8570
44 2142 2261
151 8199 8707
121 1696 2077
173 2019 2462
114 6415 6621
186 5407 5719
93 729 980
13 6098 6143
158 8063 8529
190 1921 2592
138 2965 3380
14 7076 7118
200 6102 6799
101 3220 3429
160 9082 9428
143 8362 8826
16 5997 6053
130 4150 4443
8 9863 9887
133 3301 3786
13 5131 5166
194 6882 7323
79 566 818
118 793 1177
59 5952 6066
28 9081 9173
159 9465 10078
65 997 1149
43 990 1151
60 5037 5183
33 1010 1084
86 9082 9357
121 6107 6370
90 9415 9735
41 9319 9466
138 3507 3942
26 6555 6660
33 2196 2267
31 2421 2488
65 7990 8141
99 9740 10087
122 2455 2755
64 8067 8286
182 2431 2746
177 2000 2695
199 5833 6486
136 2214 2540
96 3027 3327
195 4930 5627
190 2117 2903
181 4454 4877
154 799 1314
138 7065 7421
34 7710 7850
51 6052 6162
177 1377 2019
34 5718 5825
151 8206 8643
197 5020 5409
65 8407 8575
127 5121 5660
175 3997 4364
188 4161 4560
52 8025 8240
170 8736 9334
161 3133 3703
160 2017 2401
50 9085 9249
191 3045 3508
122 7234 7588
62 156 375
94 7993 8261
50 5045 5177
116 0 260
4 7543 7554
64 2986 3155
148 5386 5921
110 2027 2285
52 7064 7223
179 4700 5055
82 3628 3905
30 8009 8103
75 3033 3285
120 4962 5317
83 6641 6974
64 9083 9355
4 5759 5771
107 3307 3703
77 8074 8328
10 4037 4070
165 5316 5753
83 2015 2164
7 8065 8083
154 2697 3137
162 3294 3714
40 1195 1307
77 670 868
186 6859 7422
47 899 1059
54 6053 6242
190 1014 1632
20 618 683
172 5392 5946
168 4017 4428
82 7161 7376
161 6054 6486
38 103 216
193 7065 7686
146 1678 2240
189 6639 7284
57 6079 6246
27 6055 6119
153 5361 5813
154 14 416
11 577 614
82 8177 8429
18 3397 3455
129 2583 2997
85 1057 1208
192 4079 4914
194 7992 8484
145 5895 6145
59 2014 2197
68 3606 3803
198 2038 2517
44 2412 2520
