450
83 9419 9759
18 4425 4473
40 701 822
158 2383 2842
184 6302 6721
44 2563 2712
127 6728 7065
44 6823 6946
62 8987 9154
67 4356 4534
26 4077 4176
156 10269 10854
57 6398 6608
168 2507 3002
5 9834 9851
4 7653 7664
104 8614 8883
8 2077 2099
35 6938 7083
103 9846 10033
33 6302 6391
93 6302 6556
25 6516 6577
35 9347 9430
177 179 803
164 8384 8904
107 3964 4310
127 4700 5104
54 7388 7508
69 1913 1993
125 8314 8616
44 4292 4454
59 2983 3157
78 6 279
91 3377 3680
159 7515 8118
190 9425 10056
139 10031 10520
107 10299 10590
72 2110 2387
43 8648 8766
62 0 197
23 1118 1171
6 8397 8413
87 768 1050
34 5097 5166
97 8435 8796
18 1419 1468
28 2157 2238
99 10442 10821
193 7742 8276
53 7375 7566
175 4983 5307
94 7019 7351
2 4867 4872
49 3650 3781
86 3003 3270
31 10370 10463
115 5972 6258
164 2104 2572
64 2306 2502
11 1059 1100
37 10153 10236
146 6263 6690
15 6010 6070
88 7443 7673
20 6275 6333
76 9232 9464
52 3179 3293
45 3308 3418
72 3270 3517
72 5251 5416
61 6370 6568
183 10503 10999
7 7632 7649
61 5681 5842
188 8398 8955
165 5751 6236
79 9719 10018
72 8412 8692
190 7380 7880
54 9424 9606
24 1357 1445
86 4686 4980
167 6034 6536
156 6431 6675
163 4394 4989
110 2100 2386
28 4203 4284
138 7414 7927
192 7350 7912
21 8527 8574
86 8204 8430
89 7678 7913
77 6046 6260
142 1216 1791
36 5876 5966
143 8001 8439
58 2101 2257
108 4219 4649
7 9854 9877
44 9355 9485
24 5256 5326
133 9456 9901
143 10503 10657
91 1071 1426
31 9454 9536
61 9101 9297
116 9453 9843
35 5564 5686
22 5988 6052
85 9390 9696
35 4228 4331
69 8403 8643
24 3151 3251
129 2207 2419
1 1050 1053
104 110 387
169 2535 3060
41 2101 2188
146 5224 5765
165 3111 3680
168 8275 8929
106 964 1224
120 8415 8667
99 4787 5071
31 10406 10512
123 8404 8634
117 10082 10469
117 9452 9813
156 9018 9278
60 4399 4561
184 4050 4504
142 2996 3380
179 9448 9916
52 4201 4385
100 550 974
32 9530 9620
95 267 599
4 4281 4289
31 6308 6405
19 1021 1087
28 1 58
41 7737 7884
125 9440 9753
141 8403 8873
50 2905 3005
122 10120 10373
66 2083 2214
63 3228 3389
9 2767 2795
170 8434 8973
40 4792 4876
164 8458 9121
115 5252 5568
35 9630 9703
147 6388 6861
73 6267 6428
27 3130 3219
119 3456 3769
47 2264 2397
94 5516 5868
94 9336 9679
105 5589 5932
65 9473 9685
84 8277 8500
175 7352 7611
61 1572 1730
28 7438 7514
20 4179 4241
15 6220 6264
133 5097 5573
67 9436 9617
9 10305 10335
23 5268 5351
89 2124 2438
107 6396 6708
81 3169 3308
174 7600 8217
189 2984 3497
35 3214 3294
168 111 599
62 7352 7516
67 7943 8040
115 7352 7583
44 3743 3905
84 8571 8837
86 5273 5460
132 4524 4919
56 10399 10593
41 1408 1524
100 7649 8005
125 7361 7718
52 7317 7450
113 5251 5576
126 9532 9999
104 2092 2368
16 7998 8051
9 8470 8497
55 9530 9704
96 2099 2337
146 7103 7439
37 9386 9500
127 2098 2502
16 9061 9118
32 2071 2138
95 10218 10425
79 8500 8708
70 7401 7622
49 8079 8245
151 8399 8832
170 1675 2230
130 6270 6557
95 1049 1242
66 9452 9619
171 3575 4125
141 5942 6303
128 8267 8670
104 2139 2299
154 7354 7997
77 3150 3386
121 5449 5866
140 4201 4657
109 2079 2378
78 10503 10789
172 4425 4898
19 7974 8022
104 9648 10130
132 9449 9849
154 8338 8784
94 8570 8873
65 981 1202
21 3065 3148
168 8307 8798
27 9451 9518
116 10484 10821
10 9516 9547
199 9453 10115
43 1050 1161
39 7129 7282
20 3652 3705
115 10292 10677
125 9325 9814
80 5273 5485
160 5846 6510
53 2100 2309
52 1229 1394
159 800 1364
66 6303 6493
92 9453 9723
114 1050 1285
154 6997 7431
181 10064 10623
12 3114 3153
187 4201 4739
4 7570 7581
177 2786 3198
66 1184 1401
164 3740 4280
52 2986 3052
65 3896 4055
134 4055 4413
157 3149 3730
106 5710 6204
117 7316 7551
39 3186 3276
149 7379 7866
47 10000 10176
171 4941 5487
73 2 215
162 3278 3744
176 3843 4246
83 9326 9645
52 8405 8594
79 9454 9621
108 8402 8664
102 1076 1315
38 9168 9271
152 9453 9981
5 2080 2093
103 2143 2605
74 9496 9715
177 10502 10927
158 4153 4775
113 2154 2553
18 10430 10480
131 4240 4539
77 6397 6778
98 5252 5554
13 1495 1532
149 5785 6216
192 10095 10808
89 6302 6528
194 5490 6141
16 5248 5288
49 5362 5494
200 3107 3812
179 1462 2255
182 333 1108
177 1081 1663
100 6307 6534
44 3273 3435
116 4523 4735
57 4304 4533
195 528 943
53 2319 2451
45 8416 8544
88 8346 8488
197 1251 1863
50 7413 7562
54 7339 7473
99 10446 10713
19 2020 2054
29 3163 3253
69 4514 4735
19 3139 3216
70 4173 4344
118 3471 3899
148 10162 10766
177 4229 4639
42 1893 2000
35 2935 3000
191 1993 2553
12 6479 6518
110 9515 9791
84 1054 1287
26 10503 10565
118 1048 1354
133 6788 7272
98 4790 5162
54 9982 10104
63 5251 5385
30 1891 1983
193 5253 5797
66 9668 9822
37 1556 1680
153 6220 6820
69 2072 2271
11 4201 4246
184 6268 6853
70 6295 6506
123 7940 8364
107 4196 4384
49 3151 3302
38 3933 4048
83 5349 5657
56 4198 4381
160 3792 4368
66 7588 7757
19 2 66
100 4199 4609
60 9421 9540
89 9456 9692
172 2086 2706
51 9485 9671
69 10421 10637
47 7353 7491
168 7338 7877
145 6722 7191
6 3904 3920
67 4078 4291
129 8422 8731
78 3128 3345
125 8237 8550
123 3151 3521
101 53 348
167 5338 5950
154 7353 7749
152 8402 8846
177 9364 9944
144 3004 3417
192 10450 10914
105 4903 5311
140 7364 7605
141 4183 4631
145 3862 4290
16 703 756
50 1230 1346
188 9535 10401
45 8570 8666
195 9480 10205
126 10503 10869
106 5281 5627
75 1024 1220
183 6240 6684
17 5314 5368
134 2094 2560
169 2325 2788
128 4016 4333
101 576 909
114 5531 5975
89 10365 10581
39 5254 5349
114 2095 2373
194 7688 8311
121 3214 3413
95 10424 10719
149 700 1224
49 7347 7501
129 4240 4555
55 9428 9632
168 7349 7637
192 9465 9993
177 6298 6871
194 7352 7803
61 6294 6426
162 8862 9624
119 6563 7011
92 7317 7577
33 3449 3540
53 1194 1356
2 9454 9460
94 9468 9857
186 10051 10607
103 7529 7895
108 2248 2545
23 1427 1481
94 4171 4426
119 1024 1328
94 6304 6628
155 9270 9789
141 3032 3533
159 1037 1452
72 6308 6502
95 9499 9820
91 10349 10643
127 817 1057
47 4913 5062
21 1053 1100
85 8937 9274
138 10471 10760
139 2824 3084
139 4198 4531
52 9239 9395
183 2073 2466
60 1547 1690
188 1536 2183
43 5913 6046
118 1025 1503
152 9767 10183
86 2920 3210
182 7348 7941
8 5274 5296
167 1390 1977
170 10040 10520
25 6226 6292
23 9453 9534
89 7352 7546
40 4146 4297
136 1843 2318
