50
76 946 1136
160 47 421
175 823 1352
50 106 255
174 706 1197
108 826 1138
157 221 825
145 320 701
99 1073 1340
30 864 941
28 740 844
77 586 857
26 247 303
185 465 967
132 964 1424
83 25 275
77 930 1056
11 94 136
87 642 901
81 95 300
115 375 642
141 555 973
179 556 1026
78 922 1191
19 192 259
96 586 816
128 1183 1450
24 1062 1111
132 226 749
116 1072 1466
150 550 948
198 855 1512
188 469 1096
49 946 1119
72 469 679
70 99 305
58 81 229
150 730 1292
32 940 1018
120 467 957
72 350 555
167 0 487
102 826 1064
169 539 1061
139 534 852
48 1024 1194
184 706 1255
117 1127 1596
114 586 1009
11 586 618
