500
49 11311 11416
162 7562 8073
120 5434 5798
37 4059 4142
113 7249 7472
17 6580 6619
59 4999 5172
166 12481 12834
109 12300 12602
65 9114 9385
34 8102 8225
110 1269 1646
64 0 256
103 6161 6396
147 11259 11685
186 7175 7816
175 3771 4482
133 3 422
81 8783 9098
160 1114 1608
74 2768 2905
157 10091 10757
62 8345 8515
192 6294 6827
92 6128 6363
163 11560 11813
33 11692 11802
6 2615 2634
71 2219 2459
19 8092 8165
45 0 123
173 8597 8967
100 1919 2154
65 2651 2863
87 11094 11310
74 6374 6664
171 10010 10394
171 8121 8728
170 5548 5999
32 10086 10161
125 8797 9062
20 6296 6357
50 6877 6998
49 3752 3856
58 11894 12090
167 8828 9355
112 8269 8649
189 10593 11161
114 6511 6716
131 3741 4168
191 6456 6920
33 4627 4765
169 9214 9713
180 607 1025
81 11335 11555
132 3705 4104
60 1237 1355
86 3771 4061
41 1263 1343
13 982 1022
144 1584 2110
49 5500 5615
175 10818 11412
118 8723 9126
179 5035 5546
173 6228 6741
141 10077 10359
79 10409 10568
20 11757 11839
36 1258 1369
75 1258 1482
150 2484 2939
36 6462 6557
168 6444 7115
196 5037 5775
98 11189 11396
110 11290 11620
1 5004 5007
112 11429 11650
126 554 952
113 2196 2565
26 11708 11801
101 11351 11574
97 4301 4452
50 6305 6476
103 394 757
35 8775 8893
92 8901 9202
195 111 717
151 12401 12934
15 5298 5344
115 3118 3462
4 12522 12533
82 7553 7843
161 8884 9311
131 4811 5245
26 10295 10373
95 9131 9254
144 4999 5337
51 11351 11559
109 8279 8632
72 5031 5245
8 9640 9654
77 5162 5436
158 11391 11970
44 5525 5642
120 9420 9860
19 9398 9443
178 3776 4091
153 12470 13044
142 5226 5585
131 2511 2853
199 4697 5337
31 9417 9511
120 8778 9305
111 10062 10458
55 8290 8504
134 4304 4674
129 1458 1920
106 3776 4228
152 99 606
104 2507 2731
194 9733 10233
10 7682 7704
86 10866 11107
85 2871 3220
152 6976 7432
37 7375 7473
59 11327 11573
36 4346 4435
42 4586 4700
48 2550 2736
50 11357 11491
198 4948 5508
21 3784 3845
35 2423 2509
81 10128 10336
131 1515 1857
82 5132 5487
58 3487 3678
24 1450 1492
128 3774 4132
23 10074 10162
52 3981 4151
88 1 199
192 6434 7001
193 3891 4336
113 1433 1694
18 9175 9236
62 11003 11109
111 2422 2618
138 109 567
140 12165 12612
80 8795 8958
80 9250 9402
24 116 196
12 2724 2767
189 1902 2391
100 1265 1636
19 7364 7408
164 7553 7916
171 3776 4505
30 6295 6358
168 8805 9334
18 7554 7612
74 1346 1584
123 8649 9088
116 699 1165
2 11417 11424
140 12412 12850
176 4344 4928
192 4061 4759
190 10070 10654
124 6236 6540
157 299 864
156 7388 7740
122 4328 4572
132 10473 10811
90 3832 4202
165 6838 7112
45 5884 6009
192 11070 11544
130 3528 3953
56 8021 8179
146 6741 7313
150 902 1474
45 11672 11810
198 12589 13112
176 10130 10599
97 6293 6579
63 8662 8825
85 1728 2032
166 3772 4224
15 12287 12324
16 7921 7971
22 12345 12435
160 11497 11910
151 10449 10818
159 2299 2592
161 8853 9415
200 5035 5541
23 4643 4706
168 1105 1496
19 4071 4135
105 11913 12144
14 1624 1659
127 12084 12548
53 5030 5145
123 5130 5467
59 9208 9404
133 11330 11662
20 10072 10125
142 9681 10035
32 12540 12674
195 10900 11564
144 11315 11728
41 2441 2542
19 2475 2528
161 11337 11836
19 2624 2666
64 7552 7676
21 10687 10726
6 0 17
11 11311 11340
119 4791 5048
171 1257 1823
42 10068 10160
49 11848 12049
155 9878 10140
11 11619 11659
29 10023 10078
80 3416 3621
14 5036 5079
112 3802 4240
93 7731 8090
11 5036 5061
188 2454 3006
95 3919 4229
64 1375 1521
14 3342 3380
66 9128 9319
83 9063 9256
13 10072 10100
69 11335 11501
144 1259 1712
71 7554 7857
8 3794 3815
116 9593 9900
177 5000 5528
30 12363 12448
65 10219 10488
52 6292 6454
44 8737 8865
107 5226 5446
144 3779 4114
137 7517 7867
82 3776 4059
85 11177 11414
181 11339 11752
73 12589 12899
86 3789 3937
85 3782 4056
195 4243 4765
115 4061 4508
183 8779 9528
113 3893 4319
185 8813 9324
114 195 545
83 3780 3990
134 2905 3430
182 840 1288
138 2158 2657
134 2518 2803
34 3710 3819
155 3770 4403
199 6363 7226
46 8996 9134
159 8806 9113
55 11911 12108
164 2522 3079
178 1294 1716
54 1787 1894
113 5036 5272
197 3778 4186
155 4202 4734
1 10883 10886
70 2557 2706
125 10071 10376
97 9052 9412
183 6013 6622
52 6047 6208
38 1277 1373
58 6086 6224
116 598 998
132 2085 2416
167 8804 9263
178 3774 4196
29 3787 3896
118 7143 7507
46 11330 11484
19 8775 8834
89 55 321
25 6211 6278
59 85 262
34 3994 4085
142 6951 7347
24 5755 5821
143 10071 10385
13 3771 3814
151 12203 12691
45 10179 10294
150 8283 8494
80 1806 2091
50 9369 9525
97 9921 10239
175 11014 11514
41 2867 3018
170 4752 5313
100 10307 10582
111 3766 4022
135 8843 9288
45 6321 6450
196 3977 4616
158 5028 5233
14 6286 6331
87 5036 5304
83 1966 2261
110 4258 4463
83 11445 11732
39 5042 5123
183 7957 8454
121 7729 8080
172 9414 9977
17 5514 5561
134 4602 5036
88 5526 5798
99 2968 3211
65 5402 5535
36 4398 4471
166 4704 5263
6 11905 11916
17 1259 1315
68 5269 5342
200 126 740
29 7558 7634
27 4788 4880
11 10072 10102
23 7315 7387
57 9376 9558
182 5057 5671
19 6329 6372
9 2112 2138
151 1481 2191
106 11648 11992
31 11123 11230
195 3317 3965
124 2518 2854
146 1256 1677
165 6533 6898
17 969 1034
179 5215 5801
19 11307 11378
49 8812 8962
56 2498 2652
72 6295 6566
37 5116 5236
159 7644 8136
167 11346 11857
57 3777 3947
157 3553 3965
134 6294 6660
182 20 728
172 1256 1916
163 11067 11698
36 6294 6420
169 12538 13068
2 12404 12407
169 5130 5531
102 8217 8566
178 10029 10651
125 7553 8035
17 2836 2889
114 3413 3685
94 2945 3211
123 8203 8570
167 6255 6755
164 7793 8087
186 7532 7880
152 64 465
140 4877 5221
148 8505 9038
46 8815 8983
199 7555 8251
151 2415 2940
83 12362 12501
178 9173 9847
64 9843 9972
127 7768 8044
180 8328 9026
184 6726 7346
108 7419 7708
159 12352 12817
199 3754 4302
123 2579 2936
162 7187 7658
8 11839 11863
55 9024 9209
4 8811 8823
133 4346 4699
47 1121 1227
69 10072 10325
88 2506 2702
195 2868 3389
103 8813 9013
188 7135 7708
164 1830 2261
57 1268 1444
70 2504 2626
151 3662 4146
101 811 1189
189 28 664
36 3790 3887
123 1301 1750
88 71 383
53 11319 11466
25 10071 10141
28 5545 5616
136 10072 10362
63 3782 3967
77 1593 1819
108 5044 5321
198 1618 2209
102 2499 2792
183 3804 4507
175 8366 8895
180 12482 13012
180 433 986
17 7545 7610
73 7656 7883
164 5045 5528
197 8378 8840
172 4423 4930
24 7555 7624
58 6295 6529
171 1371 2001
189 353 952
148 6252 6568
68 4159 4348
199 11332 11949
200 2631 2989
104 5531 5852
153 8829 9166
141 12159 12433
183 134 718
185 8739 9431
8 2735 2759
126 7554 7967
91 4833 5142
36 12457 12554
191 3860 4443
10 8622 8656
93 11664 11903
193 7779 8442
59 3763 3905
14 9678 9718
62 2517 2682
92 7028 7292
14 2585 2633
38 1459 1532
22 2498 2571
52 12526 12673
129 2345 2762
134 39 514
70 3585 3800
131 6220 6451
196 5170 5859
101 636 880
165 90 602
169 1266 1713
35 8835 8931
51 8926 9094
85 846 1042
200 8840 9399
72 4503 4653
182 5035 5422
81 11328 11626
12 7554 7587
31 10111 10219
89 12589 12880
160 27 681
27 12397 12459
144 3118 3353
156 2372 2755
53 7654 7750
99 11332 11708
182 3789 4373
23 7559 7598
70 6243 6471
116 2518 2771
24 2954 3030
