100
2 107 116
3 0 5
4 115 120
5 115 127
6 1 14
7 102 116
8 2 12
9 2 14
10 3 13
11 3 19
12 4 17
12 90 106
13 4 24
13 105 118
13 5 20
13 113 132
12 6 24
12 6 18
11 7 25
11 7 18
10 8 27
9 8 24
8 115 127
7 9 20
6 9 23
5 9 23
4 10 16
3 10 16
2 125 136
2 118 127
2 11 15
3 112 121
3 12 15
3 98 105
4 120 127
4 13 26
4 14 21
4 14 25
4 15 23
4 122 129
4 15 23
4 16 27
4 16 20
4 17 22
3 131 134
3 17 24
3 18 21
3 118 127
2 119 127
2 19 28
2 134 144
2 134 141
2 20 27
2 121 125
2 128 130
2 21 28
2 129 133
2 137 141
2 130 140
2 23 26
3 23 28
4 124 131
5 24 29
5 25 34
6 25 38
7 140 152
8 26 39
9 141 152
9 27 39
10 27 37
10 27 42
10 28 45
11 28 48
11 29 47
11 29 41
10 29 48
10 30 42
9 30 40
9 31 47
8 145 161
7 31 38
6 32 44
5 139 148
4 33 44
3 119 130
2 133 141
2 34 38
3 34 39
4 149 153
5 35 43
6 35 47
7 36 45
7 136 149
8 151 165
9 37 54
9 38 52
9 124 134
10 38 52
10 39 56
10 39 55
