150
2 107 115
2 0 6
2 115 123
2 115 122
2 1 5
2 102 111
2 2 11
3 2 11
3 3 6
3 3 10
3 4 13
4 90 94
4 4 8
4 105 109
4 5 17
4 113 118
4 6 18
4 6 12
4 7 16
4 7 20
4 8 17
4 8 13
3 115 121
3 9 15
3 9 19
3 9 14
2 10 20
2 10 13
2 125 135
2 118 127
2 11 22
2 112 118
2 12 16
2 98 105
2 120 123
2 13 21
2 14 18
2 14 24
2 15 19
2 122 126
2 15 22
2 16 26
2 16 23
2 17 26
3 131 135
3 17 23
3 18 21
3 118 122
3 119 129
3 19 28
3 134 137
3 134 140
3 20 30
3 121 128
3 128 137
2 21 30
2 129 139
2 137 146
2 130 140
2 23 31
3 23 30
3 124 134
3 24 29
4 25 37
4 25 32
4 140 149
4 26 34
4 141 152
4 27 37
4 27 39
4 27 33
4 28 33
4 28 41
4 29 40
4 29 33
3 29 34
3 30 35
3 30 34
3 31 37
2 145 156
2 31 40
2 32 38
2 139 143
2 33 41
2 119 121
2 133 136
2 34 39
2 34 44
2 149 151
3 35 41
3 35 44
4 36 44
4 136 143
5 151 164
6 37 48
6 38 52
7 124 136
7 38 46
8 39 52
8 39 48
8 40 48
9 140 158
9 40 53
9 155 165
8 41 55
8 142 155
8 42 53
7 42 57
7 43 56
6 143 155
5 44 57
4 158 167
4 44 48
3 45 50
2 45 50
2 146 150
3 160 166
3 161 173
4 47 51
4 147 156
4 162 168
4 48 58
3 48 53
3 163 173
3 156 165
3 50 60
2 50 57
2 50 54
2 165 175
2 158 163
3 144 150
3 159 162
4 167 173
4 53 65
4 53 58
4 54 59
4 54 63
4 54 64
4 55 68
4 55 62
4 56 63
3 56 66
2 56 58
2 57 64
3 57 62
3 58 64
4 58 70
4 58 69
4 59 65
5 159 164
