200
2 107 109
2 0 11
3 115 122
4 115 120
4 1 11
5 102 112
5 2 10
6 2 16
6 3 15
6 3 15
6 4 18
6 90 101
6 4 10
6 105 113
6 5 14
5 113 120
5 6 14
5 6 20
4 7 11
4 7 16
3 8 13
3 8 17
2 115 119
2 9 18
2 9 17
2 9 18
2 10 17
2 10 14
2 125 135
2 118 123
2 11 16
2 112 114
2 12 16
2 98 108
2 120 123
3 13 17
3 14 22
4 14 24
4 15 28
5 122 130
5 15 23
6 16 29
6 16 22
7 17 29
7 131 140
7 17 27
7 18 33
7 118 132
7 119 128
7 19 26
7 134 144
6 134 147
6 20 33
5 121 131
4 128 136
3 21 29
3 129 134
2 137 139
2 130 139
3 23 28
4 23 32
5 124 132
5 24 34
6 25 40
6 25 34
6 140 154
7 26 33
7 141 148
7 27 39
7 27 34
6 27 36
6 28 34
6 28 43
5 29 37
5 29 39
4 29 34
4 30 40
3 30 38
3 31 35
2 145 148
2 31 39
2 32 38
2 139 149
2 33 40
2 119 130
2 133 137
2 34 36
2 34 37
2 149 155
3 35 38
3 35 43
4 36 49
4 136 145
5 151 156
5 37 43
5 38 43
6 124 139
6 38 45
6 39 45
6 39 51
6 40 49
6 140 149
6 40 52
6 155 166
5 41 54
5 142 148
5 42 53
4 42 52
4 43 56
3 143 153
3 44 54
3 158 166
2 44 49
2 45 52
2 45 49
2 146 150
2 160 162
2 161 167
3 47 55
3 147 154
3 162 169
3 48 52
4 48 58
4 163 168
4 156 163
4 50 61
4 50 55
4 50 56
4 165 169
4 158 165
4 144 148
4 159 167
4 167 177
4 53 63
4 53 66
3 54 61
3 54 57
3 54 64
3 55 59
2 55 66
2 56 65
2 56 58
2 56 64
2 57 59
2 57 65
2 58 68
2 58 63
2 58 68
2 59 65
2 159 169
3 60 65
3 160 172
3 60 64
4 168 172
4 61 67
4 62 71
5 176 190
5 62 73
5 63 77
5 177 182
5 178 192
5 64 69
5 179 190
5 179 190
5 179 190
5 173 183
4 180 186
4 66 78
3 181 188
3 67 75
2 68 79
2 68 73
2 168 178
2 69 76
3 169 176
3 70 79
3 184 192
4 70 83
4 171 179
4 71 75
4 186 199
4 72 84
4 187 192
4 73 78
3 73 85
3 74 80
3 74 83
3 189 192
2 75 86
2 189 198
2 183 185
2 76 79
2 76 85
2 170 180
2 184 195
2 78 86
2 192 199
2 178 183
2 193 199
2 186 188
