250
2 107 112
2 0 5
2 115 123
2 115 122
2 1 11
2 102 105
2 2 10
3 2 11
3 3 15
3 3 13
4 4 15
4 90 99
5 4 12
5 105 115
5 5 12
6 113 121
6 6 12
6 6 16
6 7 18
6 7 17
6 8 18
6 8 15
5 115 126
5 9 15
5 9 17
4 9 20
3 10 14
3 10 15
2 125 127
2 118 123
3 11 14
4 112 120
5 12 23
6 98 110
7 120 136
8 13 25
9 14 23
10 14 31
11 15 27
11 122 142
12 15 34
12 16 28
12 16 34
12 17 29
12 131 149
12 17 37
11 18 32
11 118 137
10 119 133
9 19 36
8 134 144
7 134 150
6 20 27
5 121 126
4 128 134
3 21 29
2 129 140
2 137 145
2 130 141
2 23 25
3 23 35
3 124 127
3 24 33
3 25 34
3 25 34
3 140 148
2 26 30
2 141 151
2 27 33
2 27 34
2 27 38
2 28 33
3 28 39
3 29 37
3 29 36
4 29 39
4 30 39
4 30 43
4 31 39
4 145 149
4 31 44
4 32 44
4 139 144
3 33 37
3 119 131
2 133 138
2 34 42
2 34 36
3 149 161
3 35 45
3 35 38
3 36 40
3 136 146
3 151 162
3 37 49
2 38 46
2 124 131
2 38 43
2 39 45
2 39 41
3 40 44
3 140 147
4 40 47
4 155 168
4 41 46
4 142 155
5 42 52
5 42 54
5 43 56
5 143 157
4 44 55
4 158 170
3 44 56
3 45 48
2 45 48
2 146 148
3 160 166
4 161 174
4 47 52
5 147 157
5 162 173
5 48 56
5 48 59
5 163 174
5 156 163
5 50 62
5 50 57
4 50 61
4 165 169
3 158 167
3 144 156
3 159 163
2 167 171
2 53 58
2 53 55
2 54 60
2 54 60
3 54 62
3 55 61
3 55 61
3 56 65
2 56 58
2 56 61
2 57 67
2 57 61
3 58 67
4 58 70
5 58 68
5 59 69
6 159 166
7 60 69
7 160 170
8 60 73
8 168 176
8 61 78
8 62 79
8 176 191
8 62 71
8 63 77
8 177 193
8 178 186
7 64 79
7 179 195
6 179 189
6 179 188
5 173 180
4 180 192
4 66 77
3 181 193
3 67 71
2 68 72
2 68 78
2 168 173
2 69 76
2 169 177
3 70 78
3 184 188
3 70 77
4 171 178
4 71 83
4 186 196
4 72 83
5 187 194
5 73 81
5 73 78
5 74 80
5 74 81
5 189 201
5 75 85
5 189 194
4 183 194
4 76 85
4 76 88
4 170 183
3 184 196
3 78 82
3 192 196
2 178 180
2 193 204
2 186 188
2 180 185
2 80 85
2 180 190
3 195 207
3 181 193
4 167 175
5 182 193
5 175 182
6 83 90
7 83 99
7 84 92
8 84 101
8 199 216
8 192 205
9 85 96
9 193 211
9 193 208
9 193 206
9 201 216
8 87 96
8 88 100
7 202 215
7 203 218
6 203 214
5 203 213
5 90 95
4 90 100
3 90 99
2 91 93
2 191 200
3 92 103
4 92 99
5 92 98
6 93 106
6 207 217
7 208 217
8 94 105
9 94 104
9 95 108
10 195 209
10 174 184
10 196 213
10 96 109
10 97 108
10 197 209
10 98 115
10 98 108
9 98 108
8 206 217
8 178 195
