300
2 107 110
2 0 6
2 115 120
2 115 126
3 1 5
3 102 114
4 2 11
4 2 13
5 3 16
5 3 17
5 4 16
6 90 104
6 4 19
6 105 111
6 5 12
6 113 119
6 6 15
6 6 21
6 7 14
6 7 18
5 8 19
5 8 16
5 115 126
4 9 19
4 9 15
3 9 19
3 10 15
2 10 19
2 125 127
2 118 126
2 11 22
3 112 116
4 12 18
4 98 105
5 120 125
6 13 23
7 14 25
7 14 26
8 15 26
8 122 133
9 15 30
9 16 25
9 16 28
10 17 35
10 131 143
9 17 32
9 18 35
9 118 132
8 119 132
8 19 28
7 134 143
6 134 143
6 20 31
5 121 126
4 128 141
3 21 33
2 129 138
2 137 140
2 130 138
3 23 34
3 23 26
4 124 136
4 24 37
5 25 34
5 25 33
5 140 147
5 26 39
5 141 153
5 27 41
5 27 33
5 27 34
5 28 41
5 28 36
4 29 38
4 29 39
4 29 38
3 30 34
3 30 37
3 31 37
2 145 155
2 31 39
2 32 41
2 139 143
2 33 38
2 119 121
2 133 136
2 34 38
2 34 43
2 149 156
3 35 38
4 35 46
5 36 46
5 136 149
6 151 166
7 37 53
8 38 47
8 124 133
9 38 47
9 39 57
10 39 49
10 40 53
10 140 153
10 40 58
10 155 174
9 41 59
9 142 155
8 42 56
8 42 52
7 43 51
6 143 158
5 44 50
5 158 172
4 44 57
3 45 53
2 45 49
2 146 157
3 160 169
4 161 169
5 47 58
6 147 154
6 162 172
7 48 61
8 48 64
8 163 176
9 156 170
9 50 59
9 50 65
9 50 65
9 165 174
9 158 174
9 144 161
8 159 170
8 167 176
7 53 67
7 53 64
6 54 62
5 54 62
4 54 59
4 55 63
3 55 62
3 56 59
2 56 65
2 56 61
2 57 60
2 57 61
2 58 67
2 58 60
2 58 61
2 59 64
2 159 170
2 60 66
2 160 170
2 60 67
3 168 174
3 61 67
3 62 65
3 176 182
3 62 66
4 63 75
4 177 186
4 178 183
4 64 74
4 179 183
4 179 185
4 179 188
3 173 181
3 180 189
3 66 78
3 181 190
2 67 71
2 68 75
2 68 78
2 168 170
2 69 72
2 169 171
2 70 76
2 184 194
2 70 72
2 171 180
2 71 75
3 186 190
3 72 77
3 187 192
4 73 85
4 73 82
5 74 86
5 74 79
5 189 194
6 75 89
6 189 203
6 183 196
6 76 83
6 76 89
6 170 183
5 184 192
5 78 85
4 192 198
4 178 183
3 193 197
2 186 188
2 180 186
2 80 91
3 180 192
4 195 205
4 181 185
4 167 180
4 182 188
4 175 187
4 83 88
4 83 87
4 84 90
4 84 93
3 199 204
3 192 199
2 85 90
2 193 204
2 193 196
2 193 199
2 201 204
3 87 92
3 88 93
3 202 213
3 203 209
3 203 207
3 203 211
3 90 102
3 90 97
3 90 93
2 91 93
2 191 200
2 92 94
3 92 101
3 92 101
4 93 106
4 207 213
4 208 220
4 94 98
4 94 103
3 95 105
3 195 202
3 174 184
2 196 207
2 96 107
2 97 108
2 197 205
2 98 104
2 98 100
3 98 108
3 206 217
3 178 182
3 214 218
3 207 213
3 200 204
3 101 109
3 101 108
3 216 227
2 216 222
2 217 219
2 217 227
3 217 226
4 218 222
4 211 216
5 104 112
6 219 233
6 212 220
7 106 120
7 106 120
7 221 231
7 107 118
8 179 193
8 108 125
8 222 231
7 108 122
7 223 230
7 109 118
6 202 211
6 110 120
5 110 117
5 218 226
4 225 234
4 226 235
3 226 233
3 227 230
2 198 206
2 113 124
2 228 234
2 228 235
2 114 121
2 229 238
2 115 122
3 230 237
3 116 126
3 223 232
4 231 244
4 217 226
5 118 132
5 218 229
5 118 127
5 119 128
6 119 126
