350
2 107 112
2 0 5
2 115 125
2 115 126
2 1 12
2 102 108
2 2 10
3 2 7
3 3 7
3 3 15
3 4 8
4 90 103
4 4 17
4 105 114
4 5 11
4 113 126
4 6 16
4 6 14
4 7 17
4 7 12
4 8 16
4 8 18
4 115 127
4 9 18
3 9 17
3 9 12
3 10 19
2 10 18
2 125 127
2 118 127
2 11 21
3 112 118
4 12 17
4 98 109
5 120 129
6 13 21
6 14 23
7 14 22
8 15 27
8 122 134
8 15 23
9 16 32
9 16 28
9 17 27
9 131 142
9 17 33
8 18 26
8 118 127
8 119 130
7 19 35
6 134 144
6 134 148
5 20 30
4 121 128
4 128 135
3 21 24
2 129 134
2 137 140
2 130 140
2 23 30
3 23 27
3 124 133
4 24 28
4 25 31
4 25 34
4 140 149
4 26 36
4 141 154
4 27 37
4 27 33
4 27 36
4 28 40
3 28 31
3 29 33
3 29 32
3 29 36
2 30 40
2 30 32
2 31 40
2 145 149
2 31 34
2 32 36
2 139 143
2 33 43
2 119 126
2 133 142
2 34 36
2 34 36
2 149 159
2 35 45
3 35 45
3 36 40
3 136 146
3 151 161
3 37 43
4 38 44
4 124 130
4 38 43
4 39 44
4 39 43
4 40 48
4 140 153
3 40 52
3 155 164
3 41 44
3 142 154
3 42 47
3 42 53
2 43 46
2 143 145
2 44 48
2 158 165
2 44 48
2 45 51
2 45 50
2 146 157
2 160 163
2 161 167
2 47 50
2 147 151
2 162 166
3 48 59
3 48 54
3 163 167
4 156 165
4 50 63
4 50 58
4 50 54
4 165 169
5 158 170
5 144 149
5 159 170
5 167 178
4 53 66
4 53 59
4 54 66
4 54 58
4 54 63
3 55 65
3 55 62
3 56 66
2 56 67
2 56 67
2 57 68
2 57 65
2 58 64
2 58 60
2 58 67
2 59 69
2 159 162
2 60 63
2 160 165
2 60 63
2 168 175
2 61 67
2 62 72
2 176 182
2 62 64
2 63 73
3 177 186
3 178 181
3 64 68
3 179 185
3 179 190
3 179 184
3 173 183
3 180 190
3 66 72
3 181 188
2 67 75
2 68 79
2 68 71
2 168 177
2 69 71
2 169 173
3 70 76
3 184 191
3 70 75
3 171 177
3 71 79
2 186 193
2 72 78
2 187 189
2 73 81
2 73 84
2 74 80
2 74 81
3 189 197
3 75 85
3 189 197
3 183 190
3 76 86
3 76 85
3 170 182
3 184 192
3 78 90
3 192 201
3 178 185
3 193 200
2 186 189
2 180 182
2 80 85
3 180 187
3 195 206
4 181 190
4 167 178
4 182 187
5 175 181
5 83 97
5 83 92
5 84 95
5 84 94
5 199 205
5 192 203
5 85 91
5 193 198
4 193 200
4 193 205
4 201 213
4 87 93
3 88 95
3 202 207
2 203 206
2 203 205
2 203 208
2 90 100
2 90 101
2 90 101
2 91 96
2 191 198
2 92 96
2 92 97
3 92 95
4 93 104
4 207 214
5 208 218
6 94 104
6 94 105
7 95 109
8 195 208
8 174 183
9 196 210
9 96 105
9 97 108
9 197 210
9 98 111
9 98 112
9 98 116
9 206 217
8 178 191
8 214 225
7 207 222
6 200 215
5 101 110
4 101 114
4 216 222
3 216 221
2 217 219
2 217 220
3 217 225
4 218 228
5 211 222
6 104 111
7 219 232
8 212 223
8 106 118
9 106 119
9 221 239
10 107 126
10 179 192
10 108 122
10 222 235
10 108 118
10 223 238
9 109 125
9 202 217
8 110 119
7 110 119
7 218 230
6 225 236
5 226 240
4 226 238
4 227 235
3 198 209
2 113 117
2 228 235
2 228 230
2 114 121
2 229 236
2 115 121
2 230 234
2 116 121
3 223 226
3 231 237
4 217 223
4 118 125
5 218 231
6 118 130
6 119 127
6 119 134
7 120 136
7 213 228
7 235 244
7 121 129
7 121 131
7 122 129
7 236 251
7 229 240
6 223 233
6 123 134
5 124 131
4 231 239
4 124 132
3 203 212
2 125 131
2 126 136
3 240 244
4 241 250
4 127 136
4 241 253
4 242 255
4 128 132
4 243 249
4 129 134
4 129 136
3 237 244
3 130 139
2 130 133
2 224 228
2 131 133
2 239 244
3 132 136
3 132 143
4 247 256
4 133 141
4 241 247
4 241 252
4 227 233
4 242 254
4 235 243
4 236 248
3 250 253
2 136 146
2 137 143
3 251 262
4 138 144
5 138 147
7 238 254
8 139 156
10 239 249
