400
2 107 113
2 0 11
3 115 127
3 115 124
4 1 5
5 102 116
5 2 9
6 2 16
6 3 10
6 3 9
7 4 13
7 90 102
7 4 13
7 105 116
7 5 15
7 113 129
7 6 14
7 6 17
6 7 14
6 7 15
5 8 15
5 8 21
4 115 122
4 9 14
3 9 17
3 9 21
2 10 16
2 10 12
2 125 127
2 118 127
2 11 13
2 112 120
2 12 20
2 98 109
2 120 124
3 13 24
3 14 17
4 14 23
5 15 27
5 122 131
6 15 28
6 16 31
6 16 31
7 17 33
7 131 144
7 17 28
7 18 25
7 118 132
7 119 134
7 19 27
6 134 141
6 134 143
5 20 26
5 121 131
4 128 136
3 21 32
3 129 136
2 137 139
2 130 140
3 23 32
4 23 27
5 124 130
6 24 33
7 25 40
8 25 35
9 140 156
10 26 43
10 141 154
11 27 42
11 27 44
11 27 47
11 28 40
11 28 46
11 29 40
10 29 41
10 29 42
9 30 43
8 30 40
8 31 42
7 145 157
6 31 42
5 32 41
4 139 143
3 33 42
2 119 130
2 133 139
2 34 41
2 34 41
2 149 158
3 35 43
3 35 42
3 36 46
4 136 146
4 151 164
4 37 46
4 38 51
4 124 134
4 38 46
4 39 47
4 39 44
4 40 44
4 140 147
4 40 48
4 155 167
3 41 49
3 142 152
3 42 46
3 42 46
2 43 54
2 143 149
2 44 52
2 158 165
2 44 47
2 45 53
2 45 48
2 146 148
2 160 165
2 161 171
2 47 57
2 147 151
3 162 169
3 48 53
3 48 52
3 163 166
4 156 163
4 50 62
4 50 63
4 50 63
4 165 172
4 158 167
5 144 151
5 159 167
4 167 171
4 53 64
4 53 60
4 54 63
4 54 62
4 54 63
3 55 65
3 55 63
3 56 60
2 56 63
2 56 58
2 57 61
2 57 63
2 58 64
3 58 66
3 58 70
4 59 65
4 159 168
5 60 68
5 160 173
6 60 75
6 168 178
6 61 76
7 62 71
7 176 185
7 62 69
7 63 71
7 177 189
6 178 190
6 64 76
6 179 186
5 179 190
5 179 187
5 173 182
4 180 188
4 66 79
3 181 193
3 67 73
2 68 74
2 68 73
2 168 170
2 69 76
3 169 179
3 70 79
4 184 189
5 70 77
5 171 181
6 71 82
6 186 201
7 72 87
7 187 198
7 73 88
8 73 83
8 74 87
8 74 82
8 189 202
8 75 88
7 189 200
7 183 192
7 76 86
6 76 82
6 170 179
5 184 191
5 78 86
4 192 204
3 178 187
3 193 198
2 186 197
2 180 191
2 80 90
2 180 184
3 195 199
3 181 187
3 167 170
3 182 193
3 175 182
2 83 89
2 83 90
2 84 88
2 84 90
2 199 205
2 192 200
2 85 91
3 193 204
3 193 197
3 193 201
3 201 209
3 87 98
4 88 101
4 202 206
4 203 209
4 203 208
3 203 209
3 90 97
3 90 99
2 90 93
2 91 95
2 191 193
3 92 98
4 92 97
5 92 105
6 93 104
7 207 218
8 208 218
9 94 110
10 94 106
11 95 114
12 195 211
12 174 194
13 196 209
13 96 117
13 97 114
13 197 218
13 98 113
13 98 115
12 98 119
11 206 226
11 178 189
10 214 232
9 207 216
8 200 208
6 101 107
5 101 107
4 216 225
3 216 225
2 217 226
2 217 228
4 217 229
5 218 230
6 211 219
8 104 113
9 219 236
11 212 232
12 106 123
13 106 119
14 221 242
15 107 122
15 179 194
16 108 125
16 222 246
16 108 127
16 223 240
15 109 126
15 202 218
14 110 129
13 110 131
12 218 233
10 225 242
9 226 243
8 226 235
6 227 240
5 198 203
4 113 120
2 228 239
2 228 238
3 114 118
3 229 240
4 115 126
4 230 243
5 116 129
5 223 237
5 231 238
5 217 228
5 118 123
5 218 230
4 118 130
4 119 130
4 119 130
3 120 131
3 213 216
2 235 244
2 121 126
2 121 126
2 122 125
2 236 245
3 229 241
3 223 226
3 123 126
3 124 133
3 231 234
3 124 130
2 203 210
2 125 130
2 126 136
3 240 249
3 241 245
4 127 140
4 241 250
5 242 255
5 128 133
6 243 252
6 129 144
6 129 137
6 237 244
6 130 145
6 130 137
5 224 238
5 131 145
5 239 253
5 132 146
4 132 137
4 247 257
3 133 141
3 241 249
3 241 244
2 227 231
2 242 250
2 235 237
2 236 242
2 250 256
2 136 138
2 137 146
2 251 262
2 138 143
2 138 147
2 238 246
2 139 145
2 239 247
2 140 145
2 140 146
3 140 151
3 255 266
3 255 263
4 142 146
4 142 155
4 257 268
4 143 150
5 243 248
5 144 157
5 144 151
5 251 265
5 252 266
5 259 265
4 146 156
4 246 256
4 146 151
3 254 265
3 261 266
2 148 153
2 262 266
2 148 158
3 263 269
3 149 153
4 257 261
4 150 163
5 265 278
5 151 162
6 265 274
6 151 163
6 152 159
7 152 159
7 153 164
7 153 169
7 153 167
7 240 253
6 154 160
6 155 165
6 269 275
5 155 160
5 156 163
5 156 165
4 157 162
4 271 277
3 157 167
3 158 169
2 158 160
2 273 275
2 159 169
