450
2 107 109
2 0 5
2 115 121
3 115 126
3 1 9
4 102 113
4 2 7
5 2 8
5 3 17
6 3 13
6 4 16
6 90 101
7 4 12
7 105 118
7 5 13
7 113 120
7 6 16
6 6 20
6 7 21
6 7 15
6 8 18
5 8 15
5 115 121
4 9 13
4 9 16
3 9 20
3 10 22
2 10 21
2 125 130
2 118 125
2 11 15
3 112 118
3 12 15
4 98 109
4 120 127
5 13 23
5 14 23
6 14 25
6 15 28
7 122 134
7 15 23
7 16 28
7 16 23
7 17 26
7 131 142
7 17 28
7 18 30
7 118 134
6 119 127
6 19 30
5 134 142
5 134 147
4 20 33
4 121 129
3 128 140
3 21 26
2 129 133
2 137 139
2 130 133
2 23 30
2 23 31
3 124 133
3 24 28
3 25 34
3 25 31
3 140 147
3 26 33
3 141 153
3 27 39
3 27 33
3 27 34
2 28 33
2 28 30
2 29 36
2 29 38
2 29 37
2 30 33
2 30 34
2 31 38
2 145 152
2 31 42
2 32 42
2 139 145
2 33 43
2 119 123
2 133 140
2 34 36
2 34 41
2 149 156
3 35 42
3 35 40
3 36 42
4 136 140
4 151 158
4 37 43
5 38 46
5 124 137
5 38 49
5 39 46
5 39 53
5 40 54
5 140 153
5 40 47
5 155 161
5 41 49
4 142 146
4 42 54
4 42 50
3 43 50
3 143 151
3 44 49
2 158 164
2 44 50
2 45 53
2 45 51
2 146 156
2 160 163
2 161 168
3 47 55
3 147 158
3 162 174
4 48 52
4 48 54
4 163 168
5 156 164
5 50 59
5 50 61
5 50 56
5 165 172
5 158 163
5 144 152
5 159 165
5 167 180
5 53 63
5 53 62
4 54 60
4 54 65
4 54 60
3 55 66
3 55 62
3 56 67
2 56 58
2 56 66
2 57 63
2 57 67
3 58 63
3 58 65
4 58 71
5 59 73
6 159 165
7 60 75
8 160 168
9 60 69
10 168 178
10 61 72
11 62 78
11 176 193
11 62 80
12 63 84
12 177 197
11 178 196
11 64 77
11 179 191
10 179 197
9 179 197
8 173 186
7 180 187
6 66 79
5 181 186
4 67 71
3 68 72
2 68 78
2 168 173
3 69 73
4 169 175
5 70 76
5 184 194
6 70 84
6 171 180
6 71 84
6 186 200
6 72 79
6 187 200
6 73 79
6 73 82
6 74 89
5 74 87
5 189 195
5 75 88
4 189 200
4 183 196
3 76 87
2 76 87
2 170 174
2 184 192
2 78 80
2 192 201
2 178 188
2 193 202
2 186 195
2 180 190
2 80 82
2 180 189
2 195 200
2 181 186
2 167 170
2 182 191
2 175 186
2 83 85
2 83 85
2 84 92
2 84 86
2 199 204
2 192 199
3 85 91
3 193 204
3 193 202
3 193 197
4 201 214
4 87 96
4 88 100
4 202 206
4 203 210
4 203 216
3 203 208
3 90 94
3 90 102
2 90 93
2 91 102
2 191 202
3 92 104
3 92 104
4 92 97
5 93 104
6 207 218
7 208 220
8 94 102
8 94 104
9 95 110
9 195 204
10 174 188
10 196 210
10 96 106
10 97 114
10 197 216
10 98 111
10 98 115
9 98 113
9 206 219
8 178 192
7 214 224
6 207 217
6 200 214
5 101 114
4 101 110
3 216 219
2 216 227
2 217 226
2 217 222
3 217 220
3 218 229
4 211 217
5 104 118
6 219 234
6 212 219
7 106 119
8 106 120
8 221 230
8 107 123
9 179 190
9 108 120
9 222 233
9 108 125
9 223 235
8 109 118
8 202 210
8 110 127
7 110 125
6 218 230
6 225 234
5 226 237
4 226 231
4 227 231
3 198 205
2 113 124
2 228 237
2 228 236
2 114 116
3 229 236
4 115 119
5 230 235
6 116 124
7 223 234
8 231 240
9 217 228
9 118 134
10 218 236
11 118 129
11 119 130
12 119 139
12 120 135
12 213 228
12 235 250
11 121 135
11 121 141
11 122 137
10 236 249
9 229 246
8 223 234
7 123 131
6 124 133
5 231 237
4 124 130
3 203 211
2 125 135
2 126 129
3 240 246
4 241 249
6 127 136
7 241 255
8 242 256
9 128 140
9 243 252
10 129 142
11 129 147
11 237 252
12 130 142
12 130 147
12 224 242
12 131 144
11 239 255
11 132 152
10 132 148
10 247 265
9 133 147
8 241 254
7 241 251
6 227 241
5 242 252
4 235 247
3 236 239
3 250 262
2 136 147
2 137 141
2 251 259
3 138 150
3 138 147
4 238 251
4 139 149
5 239 253
5 140 152
6 140 148
6 140 151
7 255 271
7 255 267
7 142 151
7 142 154
7 257 272
7 143 157
7 243 251
7 144 152
7 144 153
6 251 260
6 252 267
5 259 265
5 146 159
4 246 257
4 146 156
3 254 263
3 261 266
2 148 156
2 262 272
2 148 153
2 263 270
2 149 154
3 257 260
3 150 160
4 265 278
4 151 164
4 265 272
4 151 155
5 152 165
5 152 162
5 153 163
5 153 165
5 153 161
5 240 252
5 154 163
5 155 163
4 269 277
4 155 165
4 156 164
4 156 169
3 157 161
3 271 277
3 157 162
2 158 169
2 158 160
2 273 275
2 159 168
2 274 281
2 260 268
2 160 170
2 161 163
2 268 273
2 161 164
3 269 272
3 162 165
3 163 166
3 163 168
4 278 285
4 278 282
4 164 168
4 165 170
4 244 254
4 280 284
4 273 283
4 166 173
4 167 175
4 281 294
4 167 171
4 282 288
3 168 176
3 283 287
3 283 289
3 262 273
2 170 177
2 170 176
2 171 174
2 171 178
2 279 285
2 286 296
2 287 292
2 173 177
2 287 297
3 173 182
3 288 294
4 253 258
4 275 288
5 268 278
5 175 183
6 290 300
6 176 187
6 277 288
6 284 295
7 177 187
7 178 190
7 178 188
7 179 195
6 272 278
