500
2 107 118
2 0 10
2 115 119
2 115 118
3 1 7
3 102 105
3 2 13
4 2 10
4 3 11
4 3 12
4 4 10
5 90 99
5 4 13
5 105 116
5 5 14
5 113 126
5 6 12
5 6 16
5 7 17
5 7 20
4 8 21
4 8 12
4 115 121
4 9 14
3 9 15
3 9 16
2 10 18
2 10 13
2 125 129
2 118 120
2 11 16
2 112 115
2 12 22
2 98 105
2 120 126
2 13 17
2 14 23
2 14 18
2 15 25
2 122 128
2 15 25
3 16 19
3 16 27
3 17 24
3 131 142
3 17 22
4 18 26
4 118 131
4 119 132
4 19 23
4 134 146
4 134 138
3 20 23
3 121 124
3 128 132
3 21 29
2 129 137
2 137 146
2 130 141
3 23 34
4 23 34
4 124 130
5 24 30
6 25 39
7 25 41
8 140 153
9 26 35
9 141 157
10 27 37
10 27 37
10 27 38
11 28 47
11 28 42
11 29 41
10 29 41
10 29 40
9 30 44
9 30 47
8 31 42
7 145 159
7 31 46
6 32 39
5 139 151
4 33 37
3 119 125
2 133 144
2 34 44
3 34 38
3 149 160
4 35 46
5 35 49
6 36 50
7 136 152
8 151 161
9 37 52
9 38 47
10 124 141
10 38 56
10 39 56
11 39 57
11 40 59
10 140 150
10 40 57
10 155 168
9 41 53
9 142 152
8 42 57
7 42 58
6 43 49
6 143 149
5 44 55
4 158 162
3 44 50
2 45 52
2 45 50
2 146 156
2 160 168
3 161 165
3 47 59
3 147 155
3 162 173
3 48 51
3 48 54
3 163 175
3 156 161
3 50 54
3 50 62
2 50 53
2 165 176
2 158 169
2 144 155
2 159 170
2 167 170
2 53 61
2 53 60
2 54 61
3 54 57
3 54 59
3 55 64
3 55 58
2 56 62
2 56 62
2 56 58
2 57 66
2 57 68
3 58 64
3 58 68
4 58 68
5 59 68
6 159 171
6 60 69
7 160 171
8 60 76
8 168 184
9 61 75
9 62 71
9 176 194
9 62 78
9 63 75
9 177 186
9 178 195
9 64 75
8 179 196
8 179 196
7 179 187
6 173 185
6 180 192
5 66 72
4 181 193
3 67 72
2 68 73
2 68 72
2 168 178
2 69 74
2 169 172
3 70 73
2 184 195
2 70 80
2 171 179
2 71 76
2 186 194
2 72 75
3 187 190
3 73 80
4 73 86
4 74 85
5 74 85
5 189 194
5 75 84
6 189 195
6 183 189
6 76 84
6 76 86
6 170 177
5 184 191
5 78 90
5 192 205
4 178 182
3 193 196
2 186 196
2 180 185
3 80 86
4 180 187
5 195 203
7 181 197
8 167 179
9 182 194
10 175 193
12 83 98
13 83 97
13 84 100
14 84 99
15 199 216
15 192 212
15 85 108
15 193 209
15 193 211
14 193 211
13 201 217
13 87 107
12 88 106
11 202 216
9 203 212
8 203 214
7 203 217
5 90 99
4 90 94
3 90 98
2 91 99
2 191 194
3 92 100
3 92 104
4 92 102
4 93 105
5 207 217
5 208 218
5 94 102
5 94 107
5 95 105
5 195 208
5 174 179
5 196 210
4 96 109
4 97 103
4 197 207
3 98 110
3 98 107
3 98 110
2 206 214
2 178 189
2 214 223
2 207 211
2 200 207
2 101 112
2 101 108
2 216 220
2 216 223
2 217 227
2 217 226
3 217 221
3 218 222
4 211 217
5 104 112
6 219 234
7 212 220
8 106 122
9 106 122
10 221 237
10 107 123
11 179 192
11 108 125
11 222 241
12 108 123
11 223 239
11 109 123
11 202 213
10 110 127
10 110 129
9 218 236
8 225 236
7 226 233
6 226 240
5 227 237
4 198 207
3 113 123
2 228 233
2 228 237
3 114 121
4 229 236
5 115 124
5 230 241
6 116 126
7 223 239
8 231 240
8 217 228
9 118 129
9 218 236
9 118 127
9 119 128
9 119 135
9 120 134
9 213 228
8 235 251
8 121 129
7 121 131
7 122 130
6 236 242
5 229 234
5 223 228
4 123 129
3 124 130
3 231 234
2 124 126
2 203 206
2 125 133
2 126 128
2 240 248
2 241 246
2 127 133
2 241 252
3 242 245
3 128 133
3 243 251
3 129 133
4 129 136
4 237 249
4 130 139
4 130 138
4 224 229
4 131 140
4 239 247
4 132 144
4 132 139
4 247 253
4 133 145
4 241 251
3 241 247
3 227 231
3 242 254
3 235 243
2 236 241
2 250 256
2 136 143
2 137 144
2 251 258
2 138 143
3 138 146
3 238 244
4 139 152
4 239 243
5 140 147
5 140 154
6 140 150
6 255 268
6 255 263
6 142 156
7 142 157
7 257 271
7 143 154
7 243 251
7 144 155
6 144 158
6 251 266
6 252 267
5 259 264
5 146 160
4 246 257
4 146 155
3 254 257
3 261 270
2 148 150
2 262 267
2 148 151
2 263 271
2 149 160
3 257 268
3 150 162
3 265 274
3 151 156
3 265 276
3 151 162
3 152 161
3 152 164
3 153 159
2 153 161
2 153 158
2 240 245
2 154 162
2 155 159
2 269 278
2 155 164
2 156 164
2 156 164
2 157 167
2 271 280
2 157 167
2 158 167
2 158 165
2 273 279
2 159 161
2 274 277
2 260 266
2 160 165
3 161 168
4 268 274
5 161 170
5 269 279
6 162 172
7 163 171
7 163 179
8 278 290
8 278 287
9 164 178
9 165 180
9 244 257
9 280 292
9 273 291
9 166 182
8 167 184
8 281 291
8 167 182
7 282 297
6 168 174
6 283 292
5 283 296
4 262 274
3 170 176
3 170 181
2 171 176
2 171 182
2 279 289
3 286 295
3 287 294
4 173 180
4 287 294
4 173 185
4 288 292
4 253 265
4 275 281
4 268 273
4 175 186
4 290 303
3 176 181
3 277 284
3 284 292
2 177 188
2 178 180
2 178 184
2 179 189
2 272 275
2 179 189
2 180 187
2 287 291
2 295 306
2 181 191
2 181 183
2 182 191
2 182 188
2 183 185
3 183 188
3 183 189
4 291 303
5 184 189
6 185 200
7 292 303
8 278 289
9 300 317
10 186 200
10 187 200
11 187 200
11 187 205
11 188 201
12 188 201
12 189 202
11 189 209
11 189 206
11 190 201
10 305 324
9 191 203
8 298 315
7 306 313
6 192 199
5 292 301
4 193 199
3 300 303
2 193 200
2 194 201
3 194 206
3 195 199
4 259 268
4 195 202
4 303 311
4 303 313
4 197 207
4 197 205
3 312 317
3 198 210
3 313 320
2 313 321
2 199 206
