100
25 79 123
26 331 373
38 242 302
10 489 505
13 468 485
25 170 218
43 535 591
32 191 238
16 241 263
28 7 55
43 177 233
21 7 51
15 203 232
16 41 59
47 169 231
32 299 349
25 573 618
38 58 101
44 473 528
20 137 168
32 330 381
33 13 71
46 497 550
9 450 476
26 0 29
9 80 104
35 43 89
10 212 242
7 556 583
31 522 575
35 41 88
14 106 134
26 148 194
5 393 399
25 218 260
25 0 30
1 168 188
35 542 583
40 295 343
14 311 349
9 371 403
40 583 642
8 399 411
3 233 250
41 435 484
21 339 375
23 266 318
1 532 549
33 155 210
3 135 147
15 84 121
21 142 166
9 145 177
50 477 545
21 369 394
43 365 423
13 368 392
22 100 147
6 547 569
37 599 652
4 124 138
21 317 343
6 184 190
48 120 186
15 6 42
9 519 540
43 494 546
46 442 506
44 442 493
46 279 332
43 0 44
39 318 384
29 393 435
44 64 135
36 396 453
10 318 350
33 237 291
46 217 273
39 250 317
14 543 566
11 429 465
3 368 373
39 390 449
48 125 183
4 518 543
30 97 144
23 63 98
24 570 607
12 414 444
43 568 612
43 369 417
22 0 23
36 418 456
3 0 6
33 560 616
7 300 322
8 526 548
27 67 112
7 481 495
47 223 290
