150
41 0 45
45 602 669
36 303 347
13 925 951
10 531 552
29 1017 1060
32 760 805
47 227 287
49 597 660
50 209 276
43 326 391
11 534 550
38 747 795
13 262 293
18 281 313
38 281 320
32 963 1002
40 340 390
12 1024 1046
16 867 888
40 976 1043
39 564 623
32 193 236
15 946 961
4 837 851
22 139 176
35 939 996
16 835 862
11 886 910
2 171 181
17 287 330
50 372 441
23 484 526
42 173 218
26 618 658
11 301 342
4 721 744
44 691 755
23 879 927
29 873 918
49 154 206
3 732 745
32 599 657
48 218 281
31 748 781
27 29 67
25 688 737
50 636 711
7 669 698
8 859 875
11 945 968
37 0 39
23 0 25
45 325 399
47 928 996
42 457 523
19 34 65
27 917 952
39 415 482
21 367 404
8 729 753
42 505 561
48 942 1012
29 485 534
13 80 114
15 422 461
22 21 60
49 641 710
46 208 280
3 729 757
14 325 352
30 853 903
40 971 1033
49 42 111
38 744 794
10 191 228
13 439 467
19 673 715
10 916 936
15 772 796
50 375 450
41 702 749
46 97 153
20 66 97
49 768 845
29 509 562
50 551 609
27 129 182
40 132 185
3 954 969
3 857 863
47 554 620
39 389 433
5 434 455
40 90 151
15 535 577
31 337 382
26 192 229
31 678 713
34 170 219
4 682 711
47 858 930
26 832 863
46 108 154
24 259 301
38 423 472
36 704 748
18 1027 1060
47 556 606
22 639 689
40 839 900
9 539 563
44 1002 1056
31 1037 1077
14 204 235
38 904 965
31 893 950
40 304 345
10 289 310
49 86 145
33 984 1032
37 44 98
38 463 502
22 25 75
18 257 296
27 3 51
39 386 447
7 374 394
44 470 520
14 616 636
29 301 352
23 514 547
38 813 868
50 787 843
36 776 832
1 376 400
12 289 309
23 727 768
26 171 208
32 529 588
36 0 37
23 632 679
43 44 108
32 824 882
11 439 472
33 464 503
12 599 622
33 787 833
14 884 927
14 520 538
