200
31 769 811
21 1006 1032
48 151 225
31 764 812
32 409 459
6 1007 1038
8 331 348
46 103 165
29 270 323
22 283 314
39 22 78
36 1035 1096
48 871 938
9 353 380
40 1213 1260
12 73 86
13 906 935
39 1104 1162
22 573 601
31 702 754
22 1097 1122
34 314 355
27 743 783
27 76 130
45 634 704
23 803 839
33 1016 1065
46 821 887
45 392 449
38 0 41
13 0 26
24 683 734
12 559 579
30 331 376
36 237 279
17 1130 1173
48 1202 1263
10 970 999
38 23 83
47 1068 1129
41 1252 1301
3 1039 1069
8 90 116
31 1158 1204
29 1198 1234
33 871 908
12 0 13
24 752 791
12 1032 1064
42 781 824
14 1031 1047
50 1054 1132
24 728 754
36 344 386
40 466 532
5 327 337
7 589 620
13 483 503
6 363 382
46 1124 1177
11 6 33
38 977 1033
12 10 39
48 568 634
22 718 741
42 1109 1175
2 859 889
22 899 924
10 1157 1173
2 714 720
19 445 467
29 467 507
44 1257 1308
22 619 670
24 1082 1120
34 1166 1208
36 151 204
23 1052 1104
25 1039 1080
44 583 645
11 985 1011
47 100 158
36 34 78
7 59 91
21 316 350
23 226 270
4 921 935
3 1026 1032
7 487 520
28 501 542
43 205 264
39 1226 1276
47 500 566
9 174 187
24 960 991
22 527 571
16 387 418
1 410 418
26 1242 1279
48 152 219
48 271 329
24 357 401
41 612 672
40 985 1031
43 350 398
46 794 846
47 1266 1326
46 944 1001
42 565 612
48 563 630
34 743 782
2 1215 1237
4 215 229
31 373 418
21 1195 1238
16 864 904
2 341 372
1 1240 1265
42 407 456
8 1070 1082
42 789 857
17 1226 1253
8 103 137
48 218 267
22 725 773
49 442 515
32 161 218
45 892 953
3 649 665
11 65 97
30 648 695
9 1196 1214
46 687 748
41 241 307
10 443 477
45 122 179
10 933 947
47 1159 1222
35 111 175
9 957 989
40 831 887
20 252 289
31 454 490
45 518 585
26 244 294
35 940 984
32 405 450
19 423 467
30 486 530
28 299 333
44 1012 1073
21 1020 1053
18 0 22
31 78 110
40 1171 1212
31 839 878
41 301 369
25 730 770
41 0 44
46 929 981
1 918 936
30 990 1029
36 852 911
23 680 720
13 907 933
20 104 132
7 790 798
20 545 583
1 675 700
10 761 786
12 1044 1081
36 601 656
9 667 682
7 454 466
45 68 119
23 1261 1297
44 175 245
12 65 102
4 800 820
32 516 566
45 7 76
4 60 82
20 822 845
16 293 327
38 663 721
43 645 705
7 489 515
15 142 172
16 508 547
8 894 920
11 478 492
26 630 659
19 829 877
44 360 427
17 215 241
12 979 993
28 924 968
7 73 105
15 443 484
33 1112 1155
