250
50 175 246
48 737 792
37 959 999
11 1090 1111
44 280 330
14 621 659
34 804 848
2 1282 1286
21 780 815
29 852 902
32 725 761
39 392 433
45 927 986
32 1411 1457
16 1047 1067
19 353 391
28 983 1023
2 584 606
50 982 1056
33 1296 1358
36 1109 1151
21 540 573
15 449 473
6 739 753
4 313 335
27 1084 1113
11 320 351
28 638 685
46 380 447
21 859 893
1 1538 1547
37 1438 1482
48 1437 1498
3 849 863
21 466 501
19 502 529
33 1215 1255
41 1474 1522
23 1516 1548
33 1140 1184
47 300 356
41 1521 1588
24 161 205
34 45 107
17 1002 1046
48 1314 1385
18 818 848
7 1308 1323
38 1329 1384
35 0 36
50 13 88
8 1209 1230
43 908 961
31 62 116
6 1521 1529
20 1327 1368
28 1283 1315
1 1468 1481
41 1352 1408
40 1157 1224
41 1227 1282
49 1106 1185
13 12 45
44 402 462
28 589 643
31 63 120
8 1211 1222
5 950 966
15 1397 1436
10 907 921
47 1098 1151
1 305 331
10 1476 1511
6 1291 1308
20 1087 1117
12 1073 1091
45 146 194
47 385 457
39 654 720
37 112 153
33 912 957
21 1058 1086
45 725 793
10 446 478
14 1145 1188
49 241 296
20 265 295
23 630 681
23 847 876
22 574 603
31 1364 1411
6 519 546
7 971 993
7 880 910
49 544 596
18 1090 1136
38 661 723
50 1528 1592
42 328 397
16 1503 1547
33 281 329
1 883 896
48 1196 1268
38 121 183
39 180 233
1 228 247
33 452 507
33 1121 1177
39 6 68
42 1389 1452
45 1490 1551
6 4 32
23 315 345
8 994 1006
49 696 747
5 697 729
38 779 827
1 1221 1239
36 932 992
8 1267 1293
49 588 642
9 828 850
12 1408 1446
44 824 888
14 835 876
5 464 492
3 1264 1294
35 753 796
40 96 144
6 349 372
10 17 53
34 483 542
15 1062 1104
45 502 552
41 634 685
8 956 969
18 991 1018
1 1361 1388
38 841 890
4 1291 1299
39 1224 1272
41 116 174
29 619 670
6 104 135
7 594 617
22 329 366
6 703 725
10 1332 1363
36 989 1031
3 1147 1151
39 439 505
35 215 267
21 769 815
7 1243 1279
41 1455 1525
2 747 755
4 680 691
34 1163 1214
8 324 338
13 1 34
18 1289 1316
6 829 842
40 146 195
23 55 88
4 489 512
7 658 680
43 1402 1454
30 667 707
39 583 642
32 104 151
7 1069 1100
48 1031 1098
15 1165 1200
29 1008 1050
35 1260 1299
10 885 897
28 1440 1484
43 610 661
49 509 580
33 13 71
20 1304 1339
33 788 826
32 1378 1416
29 191 224
2 1182 1199
47 63 126
18 1505 1528
40 550 616
5 1262 1285
15 981 996
9 1264 1286
23 1278 1316
3 459 468
18 353 390
3 386 412
8 846 857
37 1234 1290
6 890 923
18 898 938
48 1434 1502
3 1193 1219
43 1353 1412
40 317 371
41 359 411
17 800 833
28 0 33
32 430 465
38 230 293
48 212 284
45 1164 1233
42 439 491
10 46 65
19 574 610
14 947 988
22 882 920
31 1294 1349
31 1041 1079
5 247 273
15 205 236
16 1403 1421
8 367 399
34 1040 1093
19 1135 1171
8 1222 1238
36 1283 1344
18 341 370
37 1096 1144
11 67 84
48 491 545
37 902 956
16 273 306
33 886 925
20 875 916
31 741 789
20 149 196
22 708 748
47 200 255
41 690 748
29 281 322
21 0 26
9 674 698
43 525 588
16 487 508
16 1187 1218
35 1510 1564
23 0 26
26 808 851
1 788 794
29 365 418
31 1011 1047
