300
34 1200 1252
7 348 363
49 164 241
7 701 727
15 0 15
3 1182 1201
16 291 325
21 1403 1446
21 306 352
3 1007 1022
27 1544 1583
4 206 239
45 890 943
23 56 88
36 798 838
33 1162 1215
33 1692 1733
30 728 771
41 117 169
18 197 236
28 1575 1605
37 1077 1137
24 126 168
20 1209 1232
25 92 118
27 1375 1412
20 786 812
28 481 516
43 1487 1550
44 1118 1178
15 1748 1778
35 1000 1052
14 745 774
25 848 884
50 470 535
47 360 414
27 107 156
3 164 170
16 1688 1721
13 963 990
4 1217 1244
43 923 973
37 1604 1659
20 1564 1607
32 81 130
28 1586 1632
24 1764 1808
42 1127 1179
32 1580 1624
22 1146 1192
32 1661 1708
45 1260 1315
39 1315 1373
8 774 801
46 1312 1386
49 416 468
25 1813 1851
20 259 308
37 996 1048
41 1133 1195
28 660 706
36 1442 1491
37 1804 1852
35 1471 1508
35 1433 1493
49 1754 1826
41 1009 1065
45 1695 1765
4 209 229
29 263 302
24 1371 1400
7 748 758
22 158 193
9 1495 1521
8 1293 1326
42 1520 1590
36 1047 1088
43 1108 1156
25 968 1010
15 814 847
11 0 11
8 1242 1251
9 1147 1170
22 224 263
18 732 779
12 1350 1389
6 1207 1218
15 751 769
16 731 754
25 701 731
6 984 1007
41 1614 1675
50 597 659
6 771 794
27 751 799
10 1647 1671
43 1406 1458
4 1752 1774
20 1678 1717
22 1488 1536
32 505 561
39 1317 1363
46 28 97
27 297 331
46 658 707
37 1261 1323
30 1517 1555
37 1708 1769
2 1317 1334
41 1828 1878
12 1097 1136
29 942 977
45 1048 1121
35 286 333
16 602 639
38 1394 1453
19 463 510
22 489 531
38 1849 1907
8 143 178
29 445 487
37 933 982
13 838 877
8 1822 1835
27 611 644
29 1680 1733
50 25 99
40 1806 1869
10 982 1018
50 2 67
39 830 883
18 1865 1896
27 1434 1477
39 393 457
4 588 614
19 953 998
46 622 686
19 1189 1209
11 369 406
3 1641 1664
30 0 30
34 1245 1291
17 1238 1259
46 371 419
36 236 277
49 226 285
48 1274 1332
31 670 719
8 756 784
4 850 875
26 505 557
12 964 984
32 1069 1112
21 1840 1878
49 1714 1787
2 281 285
17 154 185
17 795 831
29 698 753
49 1627 1700
1 382 392
40 1227 1295
9 654 685
17 502 534
11 131 165
11 162 186
36 0 52
13 1701 1738
46 558 610
42 1586 1653
24 231 260
37 30 92
9 721 736
23 1085 1122
24 694 743
47 112 166
24 1585 1629
44 572 639
19 158 201
46 1551 1608
4 1616 1635
13 105 146
38 460 511
16 0 38
28 182 226
3 1439 1456
5 332 360
28 374 421
5 1840 1858
34 613 675
23 1427 1455
20 1488 1512
17 815 860
15 586 622
15 454 490
25 29 57
35 892 949
15 1487 1506
30 352 392
38 551 596
35 758 802
21 988 1019
26 935 976
3 147 172
44 322 375
15 1347 1379
3 1123 1139
30 80 129
37 973 1024
32 1762 1802
13 1050 1079
20 1611 1651
11 1075 1099
5 175 200
27 1039 1077
17 486 526
25 1287 1316
32 1439 1488
38 789 840
41 1110 1159
28 1232 1284
25 395 443
33 1176 1214
18 1018 1041
24 1021 1072
30 816 868
42 1319 1367
30 521 563
34 65 127
14 11 53
27 1656 1701
28 784 832
3 381 393
44 1379 1428
48 1720 1786
16 859 891
43 905 950
34 846 907
26 874 909
37 1370 1417
25 1305 1340
9 1512 1528
26 574 609
26 963 1002
50 273 339
4 630 643
42 556 617
46 317 387
48 1842 1906
1 1100 1119
2 209 233
50 1645 1702
3 116 127
49 158 219
24 405 454
29 1203 1240
18 1851 1896
14 554 572
33 712 756
21 313 361
47 516 580
15 861 900
9 268 298
19 1503 1552
6 1728 1738
22 1543 1569
17 387 418
17 400 431
12 760 790
30 1065 1099
10 1341 1379
31 625 677
13 774 797
18 0 20
27 1528 1565
16 1804 1826
5 264 290
33 1776 1818
12 682 722
38 1479 1529
19 438 470
39 436 485
24 248 287
23 1789 1830
41 1185 1241
14 1397 1414
2 1489 1511
42 677 727
24 259 288
16 186 216
34 1214 1269
32 808 864
21 314 342
8 440 475
18 200 235
17 1398 1428
8 184 194
39 880 928
7 1018 1046
7 1564 1576
