350
27 342 377
7 887 913
24 60 112
41 1641 1703
45 673 743
37 873 922
23 1517 1557
41 2096 2146
3 1563 1593
43 1191 1239
11 900 939
42 1513 1561
37 1189 1248
44 683 738
47 1683 1734
4 527 541
24 831 875
5 64 97
5 1164 1177
34 578 623
18 531 552
17 1186 1227
26 1908 1952
21 1882 1919
17 1589 1617
33 1737 1785
30 257 292
16 1560 1578
31 917 965
10 382 419
30 309 360
39 1816 1873
9 1021 1040
37 1120 1162
41 1789 1836
10 1374 1404
9 985 1001
39 18 87
25 1785 1817
1 1714 1734
41 2060 2106
9 645 677
10 1342 1362
30 1599 1648
36 1166 1209
48 863 935
16 2064 2104
37 542 593
47 425 482
11 440 468
20 808 851
19 1777 1816
41 519 564
22 491 525
24 1022 1048
7 312 331
20 174 210
27 1638 1692
36 1303 1347
12 1633 1672
19 1349 1380
38 631 684
43 0 43
35 1936 1997
23 113 143
2 1443 1455
49 1037 1108
6 1081 1114
35 395 434
47 1137 1211
10 1035 1047
50 1261 1328
37 72 125
32 1069 1109
22 175 211
48 685 739
50 159 225
46 51 105
17 1216 1251
35 611 665
50 237 301
22 1759 1793
33 399 454
11 1250 1268
28 534 583
3 678 688
3 362 379
30 905 947
19 915 957
26 1986 2026
48 1860 1925
50 948 1015
9 1533 1564
27 1217 1255
5 625 645
24 96 143
42 2052 2113
26 1722 1755
10 22 54
30 138 171
32 1657 1716
16 1252 1279
49 266 325
5 430 444
4 729 760
21 237 267
14 820 852
32 482 533
50 760 826
28 1095 1146
47 1026 1100
44 405 477
39 984 1029
20 769 793
16 1388 1420
49 466 534
4 519 536
9 16 30
22 240 277
10 1590 1627
3 2099 2122
49 1595 1668
4 1265 1279
44 2099 2160
4 651 671
28 1872 1912
7 1568 1582
34 1968 2027
28 541 589
19 1666 1713
16 34 59
45 1463 1532
47 782 853
17 212 241
38 1374 1417
3 1733 1763
26 968 1001
42 1135 1191
15 406 430
31 717 763
6 1330 1350
10 825 861
46 1093 1156
31 1033 1082
8 798 815
46 749 806
17 1640 1661
26 313 351
28 745 780
16 444 486
19 1656 1688
28 254 302
10 1668 1683
6 1733 1754
40 2007 2067
32 756 809
16 473 504
19 799 836
1 542 557
43 1346 1396
35 1105 1151
7 716 748
34 1131 1194
34 1695 1745
27 1909 1956
8 988 1010
41 904 960
29 1320 1350
39 377 423
16 1940 1965
16 351 379
50 1185 1263
13 998 1029
27 1984 2036
31 228 269
36 2061 2106
13 945 971
26 1774 1825
11 854 886
15 1641 1661
44 802 875
29 286 324
24 225 250
4 1390 1410
6 77 90
7 1334 1356
19 1561 1606
5 1646 1664
41 0 44
17 1789 1833
45 199 250
18 1545 1579
48 82 145
9 723 755
17 1170 1209
43 1733 1796
41 295 343
11 1032 1058
20 0 24
26 959 991
39 1423 1487
18 1415 1437
50 1542 1613
4 1599 1631
20 1687 1731
23 1341 1382
37 1261 1323
19 863 905
31 1607 1658
12 853 883
9 122 152
20 125 158
29 663 699
19 361 401
42 455 523
6 1938 1958
5 1848 1869
46 1457 1523
41 1940 2007
19 96 119
22 1900 1938
25 371 404
26 1091 1123
16 1946 1976
4 1310 1333
34 841 880
23 1686 1723
7 1999 2029
38 1515 1567
1 1142 1152
13 327 345
10 442 478
45 1327 1382
19 397 435
32 1850 1907
5 472 491
6 323 351
11 671 685
40 328 381
36 1399 1446
18 993 1025
11 59 88
3 1151 1159
16 206 229
45 1955 2021
15 2100 2120
25 2100 2149
16 395 417
39 649 699
13 1609 1627
11 1231 1260
19 40 74
9 1544 1559
24 1522 1552
11 1928 1953
40 1419 1475
38 1396 1444
1 93 110
24 450 501
47 989 1047
14 890 925
28 1459 1493
16 1393 1409
14 761 775
48 1946 1998
33 1859 1896
41 1798 1868
11 1067 1091
31 2018 2059
25 890 920
5 1916 1924
23 530 559
33 126 179
16 2040 2070
22 1129 1169
37 1718 1769
12 1888 1918
31 843 891
3 591 617
18 1437 1467
31 272 330
50 1282 1350
5 1032 1053
38 1914 1965
24 1552 1586
35 727 778
9 615 624
7 1843 1876
32 1228 1286
19 1846 1886
2 667 691
44 1478 1527
1 1207 1213
48 1238 1303
47 1816 1868
49 1013 1078
40 1258 1309
34 1472 1529
23 574 612
39 2008 2074
12 1593 1615
25 617 660
37 1733 1799
40 622 666
18 1354 1395
8 460 481
15 1894 1926
4 1868 1877
27 322 378
29 1444 1486
11 419 455
11 521 538
32 1406 1454
31 134 190
47 581 640
26 1718 1748
24 1578 1612
12 1769 1801
22 946 989
28 152 206
5 131 160
22 1562 1599
14 441 468
50 555 635
33 156 194
25 5 56
19 1064 1110
27 43 85
1 511 534
36 516 579
43 0 43
20 1371 1404
31 2100 2137
5 1095 1117
32 349 407
9 717 747
3 93 114
31 204 244
45 668 732
10 550 589
6 1086 1119
17 2069 2091
9 614 632
37 2018 2065
33 779 830
5 945 961
28 1806 1861
27 934 978
15 1616 1645
25 88 140
