400
8 1273 1286
45 409 459
24 344 383
15 1843 1887
31 2224 2270
3 180 190
10 2153 2176
36 1351 1410
12 885 914
45 786 835
13 1117 1157
25 2176 2217
12 1369 1403
9 1446 1459
13 274 303
11 700 729
16 175 207
5 2088 2101
47 1828 1886
28 1807 1842
7 773 797
13 1545 1583
25 1243 1275
13 2249 2284
8 2347 2366
43 100 153
34 32 78
17 1720 1759
4 1027 1037
5 925 939
17 1241 1278
3 2391 2413
4 770 785
29 1025 1075
32 940 997
42 793 850
5 2102 2122
15 2316 2357
18 1405 1425
9 1789 1804
42 1183 1226
45 209 268
48 1138 1211
36 1121 1173
37 2209 2257
32 64 113
6 616 640
36 1269 1311
2 614 623
49 2363 2434
11 223 260
28 2296 2343
28 1132 1185
46 1593 1641
35 2030 2084
39 317 372
32 831 863
35 975 1030
39 2277 2337
45 1766 1813
37 927 975
27 245 288
21 1348 1373
42 639 700
3 1989 2019
47 1059 1134
38 1716 1777
20 1878 1928
15 703 722
43 1534 1582
10 2294 2321
23 2049 2084
24 2397 2437
32 1732 1769
26 511 539
49 1828 1902
30 327 371
32 1669 1721
5 2099 2109
39 1001 1047
41 1058 1120
25 359 409
42 899 953
11 1325 1352
29 1795 1827
17 29 60
3 2486 2491
37 806 862
36 1009 1064
10 775 807
9 337 359
47 1179 1241
28 2453 2509
3 1889 1906
8 705 730
40 2210 2275
49 833 899
29 1077 1132
49 1503 1571
24 1748 1794
35 181 242
18 903 935
45 1890 1960
28 974 1020
15 2198 2226
3 2202 2216
45 2257 2328
16 2441 2479
43 248 314
9 1885 1913
1 763 783
35 854 897
13 2219 2237
19 88 134
17 1097 1138
9 251 287
38 2127 2167
33 293 330
29 581 623
24 2088 2133
43 458 504
9 458 478
35 1364 1414
33 2346 2391
33 793 850
26 2243 2278
37 1700 1739
26 2066 2109
8 0 11
41 899 964
46 1987 2056
23 2070 2109
1 2372 2383
36 444 486
27 2383 2415
42 1671 1735
50 2049 2120
34 177 237
36 2121 2158
39 1653 1705
49 1630 1689
6 1109 1139
43 1154 1221
5 1653 1666
16 1281 1302
36 1218 1266
29 446 502
18 1466 1510
47 2223 2284
25 84 111
41 2400 2460
35 480 521
19 2020 2061
39 467 517
43 2346 2399
11 2291 2309
50 1838 1902
32 347 406
30 1125 1166
49 1107 1165
45 536 608
6 1526 1543
39 931 974
7 2202 2235
20 2438 2465
8 1273 1301
35 391 434
19 326 350
25 1194 1242
31 0 43
13 1892 1922
27 2198 2231
33 886 935
32 432 464
49 1897 1948
7 82 109
33 290 341
39 403 461
26 563 590
15 2114 2138
25 1724 1761
50 2421 2489
39 1391 1455
15 383 421
29 1443 1487
23 963 998
31 1056 1107
1 2021 2050
21 57 97
17 740 779
24 1983 2012
28 493 530
35 1953 1992
9 1420 1438
36 2034 2099
17 2050 2072
24 877 919
24 1246 1273
49 684 749
47 705 762
15 747 791
2 772 782
27 140 172
29 182 234
6 1040 1065
7 2108 2117
22 726 753
11 442 469
45 750 821
38 1407 1462
48 352 414
49 2152 2224
19 173 203
35 854 903
4 1730 1734
41 2350 2406
46 561 634
31 1936 1987
38 1800 1848
49 2398 2464
39 1002 1058
26 594 625
30 2008 2062
31 743 785
33 832 881
3 2328 2343
2 44 71
45 504 564
35 603 658
2 552 566
33 1762 1810
13 1117 1143
5 14 45
5 1678 1692
7 2159 2188
10 2376 2412
19 1823 1854
40 1577 1625
1 642 673
19 481 519
36 535 598
2 1909 1913
5 2360 2384
37 209 268
33 1631 1664
10 1711 1735
1 2154 2156
33 87 143
36 123 165
40 76 137
37 1330 1378
22 1166 1197
4 908 925
5 2468 2481
10 1716 1735
21 252 291
22 647 693
8 1221 1253
29 1945 1977
19 1872 1903
22 1489 1534
33 297 340
31 632 670
12 2380 2417
11 2412 2446
39 1318 1373
7 2282 2298
20 2496 2538
24 1375 1425
36 1191 1246
41 397 449
10 1738 1770
43 0 47
42 1810 1868
49 1472 1540
11 1100 1118
15 2454 2480
21 1663 1709
49 639 705
12 211 253
7 547 563
25 587 631
30 682 720
10 2501 2529
35 1915 1957
23 294 333
12 271 299
8 1789 1813
15 1431 1467
36 0 38
39 218 279
39 18 78
43 1638 1682
17 282 308
20 1790 1833
13 2358 2378
43 1470 1519
14 968 990
20 1262 1291
4 2087 2106
25 159 203
39 1048 1104
3 4 9
41 1361 1411
34 617 669
18 2259 2293
32 1348 1390
30 0 41
26 556 584
11 1508 1542
4 227 239
3 1477 1491
35 1016 1071
36 356 396
24 738 774
23 1429 1456
31 949 988
28 2435 2486
30 1550 1596
28 1994 2049
20 2118 2159
14 2517 2541
27 2320 2358
48 651 716
9 1290 1313
9 49 69
17 979 1005
11 1066 1078
34 1615 1658
41 1294 1346
20 334 359
33 1456 1493
15 168 185
20 1881 1904
40 1450 1506
33 1568 1616
46 708 780
37 1918 1963
22 1536 1566
23 1291 1333
27 1562 1593
16 2145 2178
14 1688 1724
6 2219 2232
25 1648 1692
3 405 437
34 608 656
37 1749 1801
11 1455 1476
48 2300 2367
26 1528 1563
36 1411 1448
13 778 794
3 1964 1978
46 1959 2011
26 980 1023
29 2463 2516
17 2315 2359
45 2484 2555
17 1605 1635
14 142 180
28 72 102
4 1221 1245
26 2468 2521
28 509 559
18 1588 1608
4 0 5
47 2472 2532
4 1765 1776
46 1227 1296
4 980 1002
4 2166 2191
18 2253 2297
31 1480 1538
23 1045 1085
38 1991 2035
50 171 225
29 1293 1341
25 2169 2213
49 1275 1344
6 1987 2014
4 972 990
44 37 90
32 2279 2316
23 772 818
13 519 556
46 2105 2158
42 2152 2203
13 1319 1360
46 506 563
48 1974 2041
45 116 180
14 1974 1997
5 2152 2160
31 1593 1639
11 1709 1744
35 870 917
9 1149 1174
20 149 174
28 2155 2188
