450
45 2497 2555
27 1254 1303
26 1388 1416
48 1168 1224
5 1761 1778
36 2222 2275
13 2471 2505
7 108 135
31 315 357
47 1458 1522
21 2550 2594
16 853 875
14 2579 2604
21 2267 2295
35 1508 1554
19 2541 2585
32 1595 1631
26 1189 1234
12 312 347
29 1655 1698
50 347 405
31 648 704
12 2625 2648
37 601 645
7 538 563
37 705 750
16 1034 1052
31 2283 2325
12 1627 1660
49 28 93
18 497 533
35 1820 1857
47 1527 1582
48 2391 2462
15 1414 1437
2 342 352
33 76 130
9 2456 2480
12 446 464
7 2627 2648
32 2081 2127
20 172 213
26 1420 1462
32 2735 2770
4 741 769
16 2451 2494
46 175 227
16 2545 2571
6 1173 1203
45 1775 1833
22 811 844
47 1742 1795
12 1235 1253
3 463 486
3 1140 1164
26 2746 2790
10 1418 1448
5 2145 2163
27 258 305
42 557 607
10 1498 1537
21 1657 1704
29 1791 1825
50 2757 2828
40 864 912
30 1197 1231
13 2787 2800
13 2023 2042
7 424 460
5 1221 1236
3 1653 1681
1 0 6
41 1564 1625
46 404 456
47 1062 1113
34 2378 2426
20 1642 1676
4 938 963
47 2258 2318
40 645 714
28 1963 2009
36 475 511
27 2220 2276
33 954 1007
17 1054 1098
6 2523 2539
5 229 248
8 571 604
31 1751 1788
44 1873 1939
40 2675 2727
12 999 1032
23 215 244
3 174 181
9 2335 2361
48 9 82
35 221 270
9 1257 1284
23 72 115
18 1441 1477
19 2434 2456
1 1285 1310
38 2710 2765
46 448 502
31 2376 2426
5 1008 1037
48 1853 1905
12 1261 1291
47 1530 1598
12 2087 2105
7 263 274
20 0 32
17 123 146
10 115 142
11 973 1000
33 770 827
19 2412 2441
31 1524 1565
28 1471 1508
32 2209 2244
43 1905 1963
20 168 200
2 1549 1566
44 1251 1314
18 1305 1331
4 25 36
22 1865 1892
21 1358 1401
49 558 630
12 2744 2777
22 1428 1475
47 2640 2692
1 2389 2397
24 2128 2171
14 938 980
23 1149 1185
31 1934 1979
14 220 234
38 1583 1630
22 2472 2509
10 53 87
6 342 358
38 771 829
17 1308 1344
44 1113 1175
21 1581 1626
18 744 787
13 982 1023
22 1849 1895
5 2458 2484
14 1969 1997
37 365 409
19 219 246
32 2281 2317
23 2315 2345
29 237 293
33 329 379
23 1397 1425
24 1261 1313
22 2348 2395
15 2171 2215
44 1621 1670
26 1967 2007
7 984 1011
23 149 183
20 1006 1051
18 919 960
16 657 687
41 1294 1356
29 1830 1862
38 439 482
22 818 847
46 2580 2645
22 1672 1702
29 627 671
39 2740 2791
20 236 270
31 1318 1370
36 1224 1285
12 2600 2620
49 2079 2145
27 2235 2288
7 2502 2518
48 2142 2198
4 2669 2693
23 932 959
9 0 14
1 1786 1798
20 1733 1777
6 1093 1103
49 450 506
34 1443 1484
2 107 129
46 1214 1281
1 1770 1774
11 951 966
18 647 680
32 980 1032
21 787 824
18 2759 2792
19 1573 1607
22 2637 2668
6 1770 1784
30 0 32
31 887 930
10 2628 2644
11 1407 1433
25 1681 1726
7 1814 1850
43 2481 2539
14 1977 1997
16 1388 1420
38 1390 1457
45 1697 1757
34 873 933
32 1279 1326
32 1168 1203
47 1986 2041
18 1950 1982
17 2522 2552
26 2033 2066
23 316 347
44 721 794
4 2040 2070
36 464 519
50 702 767
43 1107 1156
17 2283 2307
19 2613 2638
25 746 796
48 2459 2512
8 2778 2796
35 2102 2143
33 2292 2351
16 2121 2154
34 1986 2046
26 963 994
29 293 332
13 1886 1910
18 151 182
21 2374 2422
21 1358 1390
46 1886 1952
38 2137 2194
31 513 569
26 1347 1379
1 540 565
49 1900 1956
36 938 995
12 1023 1039
36 1718 1772
31 2192 2231
33 2284 2339
37 544 600
25 1621 1659
11 941 966
22 2354 2395
1 661 672
47 2056 2117
40 1121 1166
20 2323 2357
4 1944 1958
43 1361 1423
13 599 628
20 1664 1689
33 1322 1378
11 2115 2144
43 2185 2237
11 1712 1743
15 1847 1872
20 1211 1251
50 1662 1735
17 586 622
30 2330 2371
44 668 731
3 1542 1570
32 2521 2571
32 605 653
35 1021 1066
46 973 1024
16 334 375
41 519 576
34 1040 1090
18 734 769
46 85 135
28 521 553
48 2222 2292
36 1156 1205
14 2243 2260
49 1489 1555
22 1343 1390
31 1973 2032
10 117 156
21 706 755
8 1721 1752
1 1377 1392
47 2585 2640
10 2110 2135
22 2772 2815
2 1778 1797
24 918 954
22 1694 1724
5 226 240
34 399 442
10 2354 2374
34 1124 1165
12 451 477
25 1081 1128
4 2362 2375
19 640 673
16 1141 1173
40 365 420
25 2671 2714
29 2333 2371
34 2574 2638
27 2487 2532
40 14 77
37 363 418
42 679 748
22 2215 2245
15 1023 1065
32 819 866
13 2624 2665
3 1255 1268
15 2115 2154
46 278 336
19 307 350
44 2622 2690
27 998 1032
47 1622 1675
11 1648 1670
48 845 899
39 269 324
44 1311 1372
43 1766 1820
16 2215 2246
22 2661 2686
44 1992 2051
26 917 955
10 1289 1318
40 781 837
23 176 223
33 810 856
20 1503 1533
15 71 95
20 2153 2197
29 2353 2400
17 2349 2373
12 2313 2338
17 1801 1842
32 1707 1756
16 1245 1269
16 232 264
47 1039 1114
20 485 527
33 1869 1924
44 1446 1517
29 862 900
24 1561 1596
7 2417 2434
6 2421 2432
34 617 663
6 220 236
32 2170 2220
45 2419 2481
5 2084 2108
38 403 457
37 18 61
36 0 37
32 410 452
23 2030 2069
34 831 878
21 2390 2413
5 35 41
8 1776 1792
39 1937 1982
39 127 191
36 898 936
8 1826 1853
35 2441 2493
31 1238 1273
44 610 674
25 1958 1983
17 2545 2572
23 2049 2094
40 726 789
1 2206 2216
44 2561 2606
17 1365 1404
33 1032 1080
50 560 618
12 770 801
21 1297 1335
8 518 528
19 2163 2186
7 2718 2733
21 51 83
15 117 161
34 514 564
40 82 124
5 1750 1759
14 2130 2161
16 2109 2129
14 2158 2177
23 264 293
50 2023 2091
13 2358 2389
28 897 940
10 1175 1195
30 1186 1235
9 1037 1051
49 1405 1470
46 1838 1892
17 203 228
37 1071 1122
14 1837 1878
36 2425 2471
19 2642 2689
45 2498 2562
22 1538 1586
44 2042 2098
26 2561 2596
32 279 326
12 1685 1712
39 2685 2753
45 1770 1842
3 2406 2426
50 2676 2742
33 2716 2765
31 483 533
2 2421 2426
6 523 536
18 1092 1132
32 2677 2730
2 925 944
24 121 158
47 89 163
19 1196 1243
24 0 26
25 871 904
20 189 224
40 243 284
35 654 718
5 1712 1729
8 961 976
9 1553 1562
30 334 383
43 145 204
21 1616 1645
33 1460 1515
