50
35 239 288
15 43 65
20 85 129
22 29 63
25 285 329
18 265 293
23 122 170
13 82 108
29 236 286
4 208 239
39 2 55
18 265 298
16 234 255
17 91 118
16 0 17
10 290 310
42 138 195
13 97 120
14 190 215
48 17 90
31 175 235
29 69 112
22 0 45
28 156 197
12 48 77
34 107 152
44 187 260
29 105 156
44 188 242
45 121 172
34 266 329
48 169 219
29 44 97
18 273 304
3 58 78
20 34 77
41 63 113
46 269 330
1 288 294
37 0 42
30 91 149
45 0 45
14 62 99
41 222 278
30 210 248
21 229 274
50 141 201
3 127 155
2 96 124
19 0 19
