500
22 1850 1891
45 2127 2182
16 509 531
14 1646 1680
9 1575 1591
22 767 792
29 127 183
26 751 782
45 1768 1817
34 2993 3032
28 2270 2303
19 52 94
18 1276 1307
39 1648 1709
33 2836 2896
24 1307 1341
9 58 71
12 2550 2573
46 1092 1141
11 2830 2864
2 1729 1734
7 2503 2532
41 354 410
30 2030 2072
35 2893 2930
19 460 491
42 2505 2565
36 1680 1728
5 1686 1715
23 14 52
40 1566 1612
14 684 713
3 285 312
21 2469 2505
49 791 855
45 206 273
7 1260 1292
41 576 627
36 781 832
4 2219 2225
45 521 586
10 2417 2444
47 2350 2419
32 1994 2047
5 333 344
17 2567 2610
50 2634 2688
3 1475 1485
12 1617 1633
50 1060 1138
3 705 721
24 2018 2054
30 1350 1398
28 2999 3037
29 3153 3200
2 914 937
23 2355 2403
3 621 629
15 1549 1583
39 2416 2460
2 2203 2228
29 52 88
18 3016 3057
34 1308 1358
48 481 539
9 1261 1281
20 1544 1582
50 1464 1532
36 3057 3107
19 1303 1336
30 616 658
4 2766 2787
13 1239 1261
4 1279 1297
38 1117 1176
9 2807 2844
45 1506 1557
3 2591 2616
19 82 126
1 1075 1099
36 806 860
34 2698 2735
49 1217 1267
39 1897 1946
33 712 753
7 787 809
40 2614 2680
10 1586 1608
39 2137 2200
44 2714 2774
7 0 32
21 0 26
34 220 267
24 663 705
4 154 164
25 226 267
18 1968 2005
37 2764 2809
47 2699 2754
4 1841 1874
35 2666 2706
50 2844 2904
22 2665 2700
9 1083 1097
30 2682 2715
21 2966 3006
49 2218 2292
21 711 743
11 2393 2425
3 2338 2344
48 2607 2660
20 1861 1890
2 3071 3077
26 2506 2559
48 2881 2949
40 2480 2522
3 412 436
49 1543 1603
32 473 524
39 929 979
21 991 1017
39 925 992
50 1811 1867
5 1419 1452
17 2452 2483
9 2143 2164
41 161 226
37 636 678
17 3030 3075
39 1118 1166
50 575 630
43 277 339
34 1709 1771
8 46 61
6 174 197
45 242 312
26 336 371
20 190 217
46 737 803
37 885 938
44 420 473
11 2458 2481
38 48 90
3 2555 2560
43 770 821
4 0 9
48 1013 1090
14 17 43
10 0 25
43 158 226
1 229 240
8 18 52
13 2556 2592
43 428 479
20 524 573
24 1142 1194
12 1900 1927
30 386 430
29 1913 1959
19 609 650
12 3051 3083
47 837 904
38 3101 3149
13 1872 1905
14 332 364
50 1393 1444
37 1382 1446
5 1170 1185
29 49 107
39 2046 2111
38 2176 2220
9 212 233
2 1257 1269
24 2835 2867
22 1177 1220
10 1536 1556
50 1614 1670
15 431 460
6 2132 2155
8 2296 2320
21 842 878
38 2956 3007
13 1998 2032
6 1298 1313
38 2729 2771
42 1573 1631
19 566 589
48 649 720
9 288 307
12 964 997
48 1915 1984
44 2325 2381
13 2828 2849
42 2551 2615
40 1707 1766
34 1144 1199
37 1429 1483
50 1700 1769
43 3079 3148
32 32 75
20 1014 1041
49 1886 1939
28 932 972
8 2040 2055
37 811 862
43 2234 2294
31 2406 2459
1 2729 2751
39 132 190
30 653 698
39 464 519
29 2489 2522
28 250 293
34 70 122
2 1302 1316
11 1302 1319
18 508 549
42 3132 3193
36 1254 1318
16 1338 1371
4 1150 1160
50 2051 2110
15 1171 1199
25 2444 2482
21 2566 2593
22 1978 2027
16 131 152
2 1000 1017
14 2630 2671
17 1581 1621
23 2865 2889
46 2188 2241
42 2192 2256
2 2941 2951
3 2293 2296
18 1332 1371
24 2869 2906
17 1591 1624
39 3070 3125
3 786 792
7 214 224
6 2133 2150
1 753 770
16 2704 2730
39 3123 3179
50 1181 1240
28 66 117
26 2221 2255
9 1323 1351
42 823 871
44 1662 1735
45 2086 2155
15 1976 2005
12 385 401
28 889 936
19 643 673
18 2031 2071
23 2333 2375
37 2787 2850
8 3095 3131
41 2464 2521
31 1252 1285
18 1469 1510
20 2246 2274
32 3074 3108
43 391 445
20 1955 1975
4 2620 2638
3 3057 3077
22 2535 2581
41 1703 1755
1 128 135
22 1627 1662
18 0 22
41 186 237
21 2508 2542
9 2154 2173
17 2808 2839
48 2328 2394
31 3099 3139
46 1245 1312
16 100 133
34 1015 1063
33 737 792
12 588 620
22 2597 2638
15 1977 2017
49 2299 2368
35 2788 2823
30 1445 1481
5 111 135
27 773 822
36 2096 2143
32 868 910
50 2413 2467
16 2695 2732
17 602 640
3 382 413
25 292 340
32 487 522
30 2569 2614
18 2945 2992
1 2768 2791
32 433 490
6 601 626
47 2603 2655
49 1825 1880
35 2828 2885
9 110 128
39 899 954
14 500 539
5 2920 2933
24 1356 1395
31 250 301
25 1628 1662
20 1789 1830
9 583 602
47 288 345
44 3105 3173
17 145 189
37 2 56
38 1957 2014
35 1097 1140
29 2018 2064
33 2908 2966
27 2004 2042
37 1396 1447
20 268 294
37 555 607
33 1601 1646
2 2267 2296
30 1214 1267
30 2418 2473
36 2890 2946
13 2478 2494
21 1452 1495
39 1041 1095
38 2748 2792
24 3139 3170
46 2109 2160
16 2286 2317
7 759 772
49 1944 2012
6 2394 2409
4 0 7
22 886 921
5 2987 3010
6 750 758
2 184 199
47 2377 2426
24 1248 1287
2 636 654
38 1314 1378
13 1037 1055
12 1181 1200
47 337 389
12 1560 1598
43 1623 1687
48 3019 3080
42 1855 1907
38 3029 3068
43 2967 3033
9 2508 2529
30 1836 1867
25 718 753
1 319 339
7 0 17
23 1961 1988
27 2934 2970
1 1706 1719
48 910 984
39 2591 2634
49 2236 2305
4 693 704
50 1786 1836
43 2036 2097
14 2195 2212
32 306 349
28 1129 1165
50 982 1039
9 996 1013
11 1316 1352
34 153 196
39 2197 2253
23 1921 1968
13 2517 2554
43 2524 2571
15 1127 1155
36 1045 1084
13 1239 1255
47 1855 1928
16 643 676
49 2734 2786
22 947 996
31 449 491
43 2771 2821
50 2657 2710
25 69 116
8 2760 2777
46 1282 1342
8 2280 2311
43 2135 2200
50 510 583
11 623 660
20 2546 2587
41 956 1020
15 1659 1695
6 2350 2384
13 862 899
9 866 883
24 2375 2416
33 1083 1129
44 1754 1813
20 2074 2109
32 2293 2338
43 659 721
27 2801 2851
1 2690 2715
31 1361 1408
23 2436 2479
41 2296 2346
3 1034 1043
26 356 389
25 918 947
45 1200 1245
39 1445 1511
26 112 154
41 1503 1555
9 110 131
4 1188 1200
38 114 168
7 639 667
7 2963 2981
9 329 346
29 1516 1560
4 878 901
29 1147 1189
25 2167 2195
28 1421 1472
19 1665 1684
29 3055 3111
16 2182 2214
15 335 361
41 1349 1398
31 521 570
38 2304 2350
48 708 764
34 1679 1719
33 1174 1237
1 2011 2034
34 1458 1518
31 1747 1790
32 2988 3040
17 1526 1572
27 696 731
50 585 651
5 55 76
21 860 898
17 1528 1571
18 1798 1832
43 2074 2138
42 0 46
44 2786 2832
16 996 1030
45 2932 2997
7 1656 1667
10 717 756
33 1014 1049
31 1379 1430
34 1824 1869
33 3025 3072
10 520 534
27 1494 1544
39 1058 1103
9 1616 1643
4 1890 1914
14 1390 1412
1 2223 2243
41 339 400
20 850 886
3 2882 2911
10 968 1004
14 2049 2088
2 1319 1336
8 299 318
44 199 269
9 1291 1322
40 368 427
15 2479 2522
9 2418 2431
13 2285 2306
42 1420 1474
33 99 159
48 2902 2976
49 1746 1819
39 1909 1966
2 2014 2027
50 410 463
38 2880 2930
5 813 826
