100
2 218 220
8 160 176
15 0 15
2 184 186
15 225 240
1 47 48
15 225 240
7 161 168
8 176 184
15 145 160
7 193 200
2 74 76
16 0 17
15 16 31
16 0 17
8 128 144
15 49 64
8 192 208
15 177 192
7 129 136
7 129 136
7 113 120
8 144 152
15 65 80
1 31 32
8 112 128
2 58 60
8 96 104
7 129 136
8 64 72
15 49 64
16 16 33
15 177 192
2 60 62
1 47 48
8 160 176
1 95 96
15 80 95
8 48 56
7 161 168
2 220 222
2 154 156
8 112 128
8 192 208
8 112 128
7 193 200
16 32 49
2 72 74
15 209 224
2 152 154
2 186 188
7 129 136
7 193 200
15 32 47
1 95 96
2 108 110
2 56 58
1 15 16
16 16 33
8 208 216
8 128 144
15 177 192
8 192 208
8 128 144
15 209 224
8 128 144
2 156 158
15 97 112
15 65 80
15 145 160
8 160 176
15 80 95
7 161 168
7 113 120
15 49 64
8 160 176
15 97 112
7 113 120
7 113 120
2 76 78
15 0 15
7 161 168
15 209 224
1 15 16
15 16 31
8 112 128
2 188 190
2 216 218
15 65 80
1 31 32
15 145 160
16 80 97
16 32 49
15 32 47
2 104 106
8 192 208
2 106 108
7 193 200
16 80 97
15 97 112
