150
7 113 120
8 208 224
15 192 207
7 161 168
2 28 30
8 32 48
7 257 264
8 144 160
15 273 288
8 32 48
7 305 312
2 250 252
8 256 272
7 209 216
2 24 26
8 208 224
8 0 16
15 225 240
1 303 304
7 97 104
7 97 104
7 113 120
2 184 186
2 252 254
7 33 40
8 80 96
7 209 216
2 26 28
8 0 16
1 207 208
15 177 192
2 284 286
7 209 216
2 140 142
15 225 240
7 33 40
7 97 104
7 1 8
8 320 336
7 113 120
15 65 80
8 112 128
8 304 320
16 288 305
7 257 264
8 160 176
7 145 152
7 257 264
8 48 64
8 144 160
7 113 120
7 81 88
8 304 320
2 236 238
8 32 48
8 144 160
8 160 176
8 272 280
7 49 56
15 129 144
15 241 256
8 304 320
7 81 88
8 0 16
15 17 32
7 1 8
1 303 304
7 257 264
8 80 96
7 33 40
8 64 72
16 288 305
8 32 48
7 81 88
8 144 160
7 1 8
8 128 136
7 81 88
8 48 64
8 208 224
8 208 224
8 96 112
7 161 168
7 49 56
2 76 78
8 80 96
15 241 256
8 256 272
2 280 282
15 288 303
15 177 192
15 65 80
8 80 96
7 145 152
7 97 104
2 72 74
2 232 234
8 160 176
8 48 64
8 96 112
15 225 240
15 129 144
15 273 288
15 177 192
1 207 208
7 145 152
7 305 312
8 48 64
8 16 24
8 256 272
15 17 32
8 112 128
16 192 209
8 240 248
8 0 16
7 1 8
7 305 312
2 282 284
2 138 140
8 304 320
7 145 152
8 224 232
2 186 188
16 192 209
7 209 216
2 74 76
8 176 184
15 273 288
15 192 207
8 112 128
15 241 256
7 161 168
15 288 303
7 161 168
2 248 250
7 49 56
15 129 144
8 256 272
7 305 312
2 136 138
8 96 112
2 234 236
7 33 40
2 188 190
15 65 80
7 49 56
8 96 112
8 112 128
15 17 32
8 160 176
