200
15 240 255
8 48 64
1 191 192
15 97 112
7 81 88
15 33 48
2 170 172
2 204 206
7 81 88
15 97 112
1 255 256
15 400 415
7 321 328
15 1 16
7 289 296
2 344 346
8 368 376
8 80 96
2 200 202
15 161 176
1 255 256
15 33 48
7 49 56
15 129 144
8 256 272
2 10 12
8 272 288
15 145 160
16 240 257
15 369 384
8 352 368
7 257 264
8 288 304
8 112 128
1 239 240
8 80 96
2 202 204
8 384 400
7 273 280
2 8 10
8 144 152
16 224 241
8 272 288
8 64 80
16 432 449
2 346 348
15 33 48
8 320 336
7 353 360
8 384 400
8 112 128
7 385 392
15 337 352
15 161 176
7 65 72
7 65 72
15 161 176
15 176 191
7 289 296
16 240 257
8 384 400
8 80 96
2 378 380
7 305 312
2 172 174
1 415 416
8 272 288
8 320 336
15 16 31
15 416 431
7 353 360
1 239 240
2 44 46
7 273 280
7 305 312
7 113 120
2 106 108
8 304 320
15 432 447
8 336 344
7 49 56
2 136 138
15 400 415
7 385 392
2 140 142
15 369 384
8 256 272
1 415 416
15 16 31
2 216 218
16 16 33
7 49 56
1 431 432
15 337 352
8 304 320
15 193 208
1 431 432
8 112 128
15 209 224
7 321 328
8 128 136
2 40 42
2 168 170
8 96 104
15 1 16
2 376 378
8 48 64
7 353 360
7 305 312
7 321 328
2 42 44
8 320 336
16 416 433
7 113 120
7 385 392
15 369 384
8 192 200
7 385 392
1 31 32
15 337 352
16 176 193
2 104 106
8 32 40
8 256 272
8 304 320
15 193 208
8 208 216
1 31 32
1 447 448
7 289 296
2 152 154
1 447 448
7 65 72
2 220 222
15 97 112
15 176 191
15 145 160
2 156 158
8 352 368
8 48 64
7 49 56
8 64 80
7 353 360
15 193 208
7 81 88
8 288 304
15 209 224
7 113 120
8 0 8
2 108 110
2 154 156
16 400 417
2 138 140
15 416 431
7 273 280
8 80 96
7 305 312
15 129 144
8 160 168
2 218 220
16 16 33
15 145 160
16 224 241
1 191 192
7 257 264
8 320 336
8 64 80
8 272 288
15 209 224
8 352 368
15 224 239
2 380 382
16 432 449
16 400 417
7 257 264
7 81 88
15 224 239
15 1 16
2 348 350
7 65 72
8 48 64
7 273 280
2 12 14
8 112 128
15 432 447
16 416 433
8 352 368
8 288 304
8 288 304
15 129 144
7 113 120
8 64 80
7 289 296
7 321 328
7 257 264
16 176 193
8 256 272
15 240 255
8 304 320
8 384 400
