250
8 48 64
1 447 448
16 336 353
7 81 88
15 385 400
1 47 48
8 480 496
2 72 74
15 65 80
15 129 144
7 481 488
7 481 488
1 255 256
8 464 472
2 76 78
8 288 304
8 112 128
15 1 16
1 191 192
8 352 360
15 545 560
15 321 336
8 288 304
15 432 447
2 264 266
8 320 328
7 449 456
2 24 26
15 32 47
7 369 376
15 96 111
8 304 320
2 8 10
8 160 168
15 1 16
15 513 528
2 330 332
8 48 64
8 448 464
8 528 544
1 351 352
2 10 12
1 447 448
15 385 400
8 496 512
2 522 524
7 273 280
8 80 96
8 288 304
8 208 224
2 202 204
15 32 47
15 353 368
8 256 264
7 529 536
15 321 336
15 465 480
2 362 364
2 172 174
2 170 172
7 273 280
15 65 80
2 266 268
15 257 272
15 129 144
8 448 464
8 80 96
7 529 536
7 225 232
8 224 240
7 289 296
8 416 432
15 193 208
2 12 14
16 432 449
15 161 176
7 401 408
7 449 456
7 273 280
7 113 120
16 240 257
1 47 48
8 208 224
2 474 476
15 161 176
7 145 152
2 476 478
15 513 528
15 465 480
1 111 112
1 351 352
7 481 488
15 240 255
2 524 526
8 224 240
7 225 232
15 17 32
8 496 512
8 400 416
16 176 193
7 145 152
2 394 396
8 368 384
7 145 152
8 16 24
8 416 432
8 512 520
15 336 351
7 289 296
15 17 32
7 81 88
15 240 255
8 64 72
8 128 136
7 113 120
15 353 368
7 417 424
2 138 140
15 161 176
8 0 8
15 353 368
8 496 512
7 401 408
1 111 112
15 65 80
8 368 384
7 49 56
8 144 160
2 392 394
7 529 536
8 288 304
8 112 128
7 81 88
16 240 257
7 417 424
8 400 416
7 273 280
15 513 528
8 368 384
8 480 496
7 369 376
2 204 206
8 368 384
15 257 272
7 305 312
15 432 447
7 81 88
15 545 560
16 96 113
8 480 496
7 113 120
2 168 170
2 140 142
7 225 232
2 28 30
16 32 49
15 321 336
7 497 504
2 396 398
7 449 456
8 528 544
8 112 128
8 448 464
7 369 376
2 136 138
8 80 96
8 528 544
7 497 504
15 176 191
7 209 216
8 224 240
7 305 312
8 272 288
2 26 28
7 49 56
8 480 496
8 400 416
7 497 504
2 360 362
7 401 408
7 449 456
8 272 288
8 416 432
8 80 96
8 416 432
8 528 544
8 144 160
8 112 128
2 328 330
2 74 76
15 385 400
7 209 216
7 113 120
7 209 216
7 497 504
16 32 49
8 224 240
7 49 56
8 144 160
7 305 312
15 17 32
8 48 64
15 257 272
1 255 256
7 481 488
2 332 334
2 472 474
16 176 193
7 49 56
8 304 320
7 369 376
8 272 288
7 417 424
7 417 424
15 96 111
8 48 64
8 208 224
7 145 152
8 272 288
2 520 522
15 1 16
15 176 191
15 193 208
8 304 320
7 209 216
15 193 208
2 268 270
2 364 366
16 336 353
8 192 200
7 401 408
7 289 296
8 448 464
7 289 296
8 400 416
15 129 144
8 496 512
8 384 392
1 191 192
7 305 312
8 208 224
16 432 449
7 529 536
15 336 351
16 96 113
15 465 480
8 144 160
2 200 202
8 304 320
7 225 232
