300
8 176 184
7 17 24
2 392 394
7 49 56
15 129 144
15 353 368
2 104 106
15 432 447
7 257 264
7 545 552
15 529 544
2 682 684
1 575 576
15 497 512
8 0 8
7 481 488
16 512 529
2 684 686
15 624 639
1 623 624
7 209 216
7 481 488
15 192 207
8 640 656
15 657 672
2 664 666
15 177 192
1 447 448
15 529 544
7 593 600
1 127 128
7 321 328
8 592 608
2 188 190
16 112 129
15 81 96
15 368 383
8 480 496
2 184 186
16 560 577
1 463 464
15 417 432
2 360 362
15 673 688
7 49 56
16 32 49
2 8 10
8 48 64
8 592 608
7 337 344
2 362 364
2 364 366
7 593 600
8 688 704
16 160 177
2 282 284
1 575 576
15 304 319
2 424 426
2 234 236
15 512 527
8 288 304
7 257 264
1 463 464
8 640 656
2 668 670
15 417 432
7 641 648
8 16 32
15 112 127
2 236 238
15 385 400
2 186 188
2 232 234
15 657 672
15 65 80
15 657 672
1 639 640
2 12 14
2 76 78
1 207 208
8 640 656
1 415 416
15 465 480
8 320 336
15 1 16
16 608 625
8 256 272
2 10 12
15 385 400
2 394 396
2 154 156
7 593 600
2 136 138
7 17 24
1 591 592
2 474 476
15 129 144
16 368 385
8 416 424
1 255 256
16 448 465
15 1 16
8 320 336
7 289 296
2 680 682
2 140 142
16 624 641
8 656 664
8 128 136
8 272 280
16 576 593
8 224 232
15 65 80
15 560 575
7 337 344
1 383 384
15 385 400
15 576 591
8 544 560
16 448 465
15 240 255
1 527 528
8 464 472
16 368 385
1 319 320
15 432 447
15 225 240
7 545 552
2 536 538
2 92 94
8 384 392
7 321 328
8 480 496
7 257 264
1 591 592
16 560 577
15 32 47
15 145 160
7 289 296
8 480 496
15 512 527
16 400 417
15 65 80
1 319 320
16 192 209
8 336 352
8 96 104
7 49 56
8 48 64
15 400 415
1 415 416
7 289 296
7 481 488
7 321 328
15 576 591
1 527 528
15 225 240
1 175 176
8 688 704
15 177 192
8 480 496
16 512 529
15 145 160
7 641 648
1 383 384
15 368 383
7 321 328
8 256 272
16 400 417
8 288 304
16 192 209
15 673 688
7 545 552
15 624 639
8 352 360
16 624 641
2 504 506
2 106 108
8 288 304
8 80 88
7 49 56
8 48 64
8 336 352
15 160 175
15 465 480
2 538 540
2 540 542
15 448 463
2 74 76
2 152 154
15 97 112
2 156 158
8 544 560
2 506 508
15 673 688
8 208 224
15 529 544
2 72 74
8 256 272
15 97 112
2 90 92
15 497 512
8 208 224
1 207 208
16 576 593
15 240 255
15 97 112
2 138 140
8 688 704
2 280 282
2 426 428
15 400 415
15 81 96
16 240 257
15 225 240
8 640 656
2 108 110
15 32 47
8 16 32
2 88 90
15 417 432
1 623 624
8 544 560
1 447 448
15 81 96
8 256 272
8 64 72
1 47 48
7 17 24
16 432 449
7 337 344
15 273 288
15 112 127
15 145 160
7 641 648
8 48 64
16 304 321
15 129 144
15 465 480
7 17 24
7 209 216
7 481 488
8 16 32
8 320 336
8 592 608
15 608 623
7 593 600
7 209 216
16 608 625
7 209 216
16 240 257
7 257 264
7 337 344
15 1 16
8 672 680
15 273 288
8 528 536
16 160 177
15 353 368
1 47 48
7 289 296
1 255 256
1 639 640
15 304 319
8 208 224
8 544 560
8 336 352
2 428 430
15 448 463
2 284 286
1 127 128
2 476 478
15 497 512
15 177 192
7 545 552
2 508 510
15 560 575
8 592 608
8 208 224
15 608 623
15 273 288
2 472 474
8 336 352
8 496 504
16 32 49
7 641 648
15 353 368
15 160 175
16 112 129
8 288 304
8 144 152
2 396 398
15 192 207
8 320 336
2 666 668
1 175 176
8 16 32
16 432 449
16 304 321
