350
7 785 792
2 266 268
16 288 305
16 608 625
2 348 350
16 352 369
15 385 400
7 177 184
2 28 30
15 417 432
15 257 272
16 512 529
2 458 460
2 584 586
15 656 671
2 74 76
1 575 576
7 785 792
8 128 144
7 129 136
2 170 172
15 417 432
8 0 8
2 56 58
8 16 24
8 240 256
8 528 544
16 560 577
1 623 624
15 65 80
15 161 176
2 780 782
8 256 264
2 588 590
7 369 376
15 608 623
2 122 124
2 264 266
15 288 303
1 527 528
16 464 481
7 369 376
15 769 784
7 545 552
7 721 728
15 496 511
8 544 560
1 207 208
2 316 318
15 208 223
8 80 88
15 625 640
15 705 720
8 128 144
1 511 512
2 332 334
15 464 479
7 97 104
7 225 232
8 96 112
8 224 240
15 753 768
7 225 232
8 592 608
1 287 288
15 512 527
8 224 240
15 736 751
1 671 672
2 586 588
2 8 10
8 720 736
16 496 513
1 47 48
15 161 176
2 58 60
2 312 314
8 336 344
8 320 328
8 176 192
8 640 656
7 641 648
2 90 92
1 495 496
7 241 248
7 529 536
8 592 608
2 716 718
15 577 592
8 528 544
15 688 703
15 49 64
7 529 536
7 177 184
15 81 96
15 560 575
16 512 529
1 815 816
16 192 209
8 720 736
1 223 224
15 272 287
15 49 64
8 240 256
7 129 136
2 124 126
16 736 753
8 128 144
8 720 736
2 444 446
2 154 156
15 496 511
7 721 728
15 577 592
7 177 184
2 10 12
1 207 208
8 528 544
16 208 225
15 321 336
2 346 348
1 703 704
16 608 625
2 330 332
15 305 320
15 192 207
16 464 481
8 432 440
15 192 207
8 704 712
15 753 768
8 160 168
16 32 49
15 305 320
15 800 815
2 60 62
15 449 464
8 784 800
1 751 752
15 705 720
15 145 160
7 545 552
8 768 776
2 408 410
2 460 462
2 456 458
15 17 32
15 673 688
2 680 682
15 769 784
8 640 656
8 128 144
2 172 174
2 424 426
16 656 673
15 65 80
2 76 78
16 688 705
7 241 248
2 88 90
16 688 705
15 577 592
1 223 224
16 560 577
15 464 479
7 97 104
15 305 320
8 544 560
2 684 686
2 682 684
2 712 714
15 257 272
7 97 104
7 641 648
8 144 152
1 47 48
15 512 527
15 401 416
15 113 128
2 92 94
15 560 575
15 113 128
8 224 240
2 152 154
8 672 680
1 671 672
15 65 80
16 272 289
7 545 552
7 225 232
2 426 428
2 168 170
8 368 384
7 97 104
2 442 444
2 328 330
15 1 16
2 344 346
8 368 384
1 367 368
8 592 608
2 156 158
7 369 376
8 176 192
15 272 287
15 480 495
8 528 544
15 433 448
8 368 384
7 369 376
8 240 256
8 96 112
15 145 160
2 410 412
15 208 223
2 314 316
2 634 636
8 384 392
16 288 305
8 784 800
7 545 552
16 496 513
8 592 608
8 96 112
7 785 792
15 433 448
15 480 495
2 428 430
15 32 47
15 625 640
1 287 288
7 593 600
15 17 32
15 113 128
15 321 336
7 641 648
15 352 367
15 417 432
8 784 800
8 368 384
7 177 184
16 480 497
2 24 26
15 321 336
2 440 442
15 736 751
1 751 752
16 32 49
1 303 304
16 192 209
16 272 289
2 636 638
15 401 416
2 778 780
7 721 728
8 224 240
7 593 600
8 400 408
2 760 762
15 337 352
16 480 497
1 527 528
15 673 688
16 352 369
7 529 536
2 12 14
8 784 800
2 776 778
7 129 136
1 303 304
15 337 352
1 575 576
7 241 248
2 394 396
2 72 74
15 81 96
8 64 72
15 401 416
16 736 753
15 449 464
8 640 656
15 673 688
2 412 414
7 529 536
15 81 96
8 416 424
15 32 47
2 396 398
1 479 480
8 720 736
1 495 496
1 623 624
8 176 192
7 129 136
2 26 28
8 176 192
15 753 768
15 385 400
15 17 32
8 96 112
15 656 671
8 624 632
2 762 764
16 656 673
15 385 400
15 1 16
15 449 464
15 688 703
7 593 600
15 800 815
7 225 232
15 625 640
8 544 560
2 120 122
15 337 352
15 352 367
8 304 312
15 257 272
15 49 64
8 544 560
8 48 56
2 714 716
7 593 600
7 721 728
1 367 368
15 145 160
8 640 656
15 608 623
16 208 225
15 288 303
2 268 270
2 764 766
8 576 584
8 240 256
2 632 634
15 705 720
8 112 120
2 392 394
1 479 480
1 703 704
15 161 176
15 1 16
8 448 456
7 785 792
7 241 248
7 641 648
15 769 784
1 511 512
8 752 760
15 433 448
