400
2 28 30
1 335 336
2 72 74
7 417 424
1 735 736
15 545 560
16 432 449
15 481 496
16 160 177
2 552 554
15 288 303
15 624 639
16 272 289
2 744 746
15 720 735
15 481 496
8 752 768
7 49 56
2 250 252
8 464 472
1 175 176
8 0 16
16 288 305
15 17 32
8 816 832
8 848 864
8 752 768
15 737 752
2 378 380
7 753 760
8 192 208
16 800 817
8 144 160
7 673 680
8 400 416
15 896 911
15 833 848
15 609 624
7 673 680
1 287 288
8 32 48
8 64 72
2 746 748
8 512 520
7 33 40
8 880 888
15 208 223
7 673 680
2 380 382
7 641 648
7 417 424
16 560 577
15 337 352
2 376 378
8 752 768
1 719 720
1 543 544
7 225 232
1 879 880
8 368 376
1 447 448
8 128 144
8 640 656
1 335 336
2 616 618
8 128 144
2 556 558
15 65 80
1 591 592
8 768 784
15 272 287
8 784 800
16 576 593
15 833 848
2 842 844
8 672 688
8 592 608
16 208 225
15 288 303
1 223 224
8 224 240
15 609 624
15 369 384
15 704 719
1 271 272
15 657 672
15 241 256
2 252 254
7 401 408
15 465 480
8 416 432
8 48 64
7 225 232
7 145 152
15 65 80
8 496 512
16 624 641
8 352 368
16 256 273
2 888 890
7 385 392
8 592 608
1 639 640
16 80 97
2 844 846
8 0 16
7 49 56
7 593 600
8 752 768
15 272 287
15 513 528
7 849 856
15 449 464
15 449 464
8 128 144
2 668 670
16 528 545
15 737 752
15 369 384
15 864 879
7 1 8
15 609 624
16 304 321
7 129 136
16 800 817
7 177 184
15 513 528
7 785 792
15 241 256
1 543 544
15 513 528
8 384 400
2 458 460
15 560 575
7 193 200
7 225 232
8 656 664
2 26 28
16 432 449
7 129 136
8 848 864
8 496 512
15 241 256
2 618 620
16 624 641
7 769 776
1 95 96
15 256 271
8 144 160
7 385 392
7 417 424
7 33 40
8 336 344
8 480 488
2 890 892
16 720 737
8 176 192
8 672 688
7 193 200
7 785 792
16 864 881
16 96 113
7 769 776
7 753 760
16 896 913
15 304 319
15 864 879
7 417 424
7 753 760
2 492 494
8 736 744
2 456 458
15 113 128
16 256 273
1 575 576
16 896 913
7 641 648
2 460 462
7 817 824
8 0 16
7 497 504
2 664 666
16 272 289
8 192 208
7 497 504
8 176 192
7 849 856
7 593 600
2 892 894
16 864 881
15 481 496
15 545 560
8 768 784
8 672 688
7 353 360
8 416 432
16 320 337
7 129 136
15 881 896
7 353 360
2 490 492
2 472 474
15 704 719
15 545 560
7 49 56
7 1 8
8 384 400
8 352 368
15 320 335
8 640 656
15 369 384
15 304 319
16 208 225
7 145 152
16 704 721
2 346 348
15 337 352
8 448 456
15 624 639
8 592 608
15 432 447
7 817 824
2 474 476
1 271 272
15 896 911
1 815 816
15 688 703
7 1 8
2 124 126
16 304 321
8 352 368
16 576 593
8 608 616
1 303 304
15 113 128
15 80 95
7 145 152
15 737 752
7 177 184
7 177 184
16 288 305
8 416 432
8 400 416
15 465 480
15 833 848
7 49 56
1 111 112
8 544 552
15 528 543
7 401 408
8 640 656
8 384 400
8 32 48
15 432 447
8 352 368
1 639 640
15 688 703
2 24 26
16 720 737
15 465 480
8 832 840
15 576 591
8 816 832
16 688 705
7 849 856
8 768 784
15 17 32
15 80 95
7 401 408
15 528 543
15 96 111
8 816 832
16 560 577
8 784 800
8 112 120
2 122 124
7 753 760
1 447 448
15 96 111
15 560 575
8 400 416
8 416 432
8 176 192
8 592 608
1 287 288
7 769 776
2 74 76
1 591 592
16 528 545
15 320 335
2 524 526
2 120 122
8 48 64
7 497 504
8 768 784
2 476 478
7 353 360
15 17 32
15 576 591
7 785 792
7 849 856
2 522 524
8 144 160
1 879 880
7 673 680
2 248 250
8 192 208
7 641 648
8 496 512
1 111 112
8 0 16
2 748 750
7 33 40
16 688 705
15 720 735
1 735 736
16 160 177
8 48 64
8 640 656
8 32 48
7 497 504
8 192 208
15 800 815
1 911 912
8 48 64
15 208 223
8 224 240
8 224 240
15 449 464
8 848 864
8 176 192
16 80 97
16 96 113
1 223 224
2 348 350
8 16 24
15 65 80
7 769 776
1 703 704
2 666 668
7 385 392
8 224 240
7 177 184
7 401 408
7 385 392
8 496 512
8 32 48
1 911 912
1 95 96
1 575 576
16 320 337
16 704 721
7 641 648
15 881 896
2 344 346
8 784 800
8 384 400
1 815 816
15 160 175
2 554 556
15 256 271
15 337 352
2 620 622
8 128 144
7 193 200
8 816 832
15 800 815
7 193 200
7 145 152
7 593 600
8 400 416
1 703 704
7 225 232
2 840 842
7 593 600
2 76 78
7 353 360
15 113 128
8 672 688
2 520 522
7 785 792
7 817 824
2 488 490
8 848 864
1 319 320
8 240 248
7 129 136
15 881 896
8 784 800
1 303 304
15 657 672
15 160 175
15 657 672
8 144 160
7 1 8
1 175 176
7 817 824
1 719 720
1 319 320
7 33 40
