450
16 48 65
8 464 472
2 858 860
7 673 680
15 176 191
8 896 912
15 17 32
15 321 336
15 529 544
7 721 728
8 400 416
2 698 700
2 216 218
15 496 511
8 64 80
8 640 656
7 353 360
15 832 847
8 128 144
8 704 712
7 401 408
16 560 577
7 129 136
7 513 520
8 800 816
2 268 270
2 236 238
15 416 431
7 641 648
15 609 624
7 401 408
15 305 320
15 577 592
15 305 320
2 986 988
7 945 952
15 257 272
8 672 688
15 305 320
16 1008 1025
7 401 408
8 112 120
16 0 17
15 288 303
16 176 193
7 641 648
8 320 328
15 977 992
7 721 728
2 924 926
1 575 576
8 240 256
2 92 94
8 128 144
15 48 63
15 272 287
8 32 48
1 559 560
16 288 305
15 225 240
8 944 960
8 208 216
7 801 808
2 488 490
15 384 399
2 876 878
16 816 833
1 15 16
15 609 624
2 776 778
8 720 736
7 897 904
8 624 640
2 762 764
8 96 112
2 474 476
2 664 666
2 760 762
15 657 672
1 511 512
8 240 256
15 432 447
7 945 952
8 720 736
15 160 175
8 624 640
8 960 976
15 849 864
15 977 992
7 961 968
15 560 575
15 913 928
16 816 833
8 224 232
15 288 303
2 220 222
2 232 234
2 540 542
2 456 458
1 511 512
8 32 48
15 993 1008
16 1008 1025
15 865 880
8 128 144
8 624 640
2 266 268
8 928 944
2 204 206
2 122 124
2 920 922
15 113 128
7 241 248
7 673 680
8 352 368
2 922 924
16 48 65
15 81 96
7 65 72
8 512 528
1 175 176
7 625 632
15 257 272
16 496 513
8 64 80
2 778 780
1 799 800
2 264 266
7 929 936
15 993 1008
7 65 72
1 575 576
15 465 480
2 330 332
16 560 577
15 193 208
8 944 960
16 832 849
1 447 448
2 234 236
15 193 208
15 881 896
7 401 408
1 399 400
8 656 664
15 881 896
8 96 112
15 993 1008
15 529 544
1 159 160
15 0 15
8 928 944
1 287 288
2 472 474
15 496 511
7 593 600
7 65 72
7 801 808
7 897 904
15 416 431
15 753 768
2 714 716
7 593 600
8 960 976
7 97 104
2 28 30
15 225 240
2 476 478
16 416 433
16 832 849
2 314 316
8 896 912
1 191 192
8 480 488
2 856 858
15 337 352
1 847 848
15 48 63
8 800 816
8 672 688
8 256 264
2 618 620
15 689 704
2 490 492
7 961 968
2 860 862
8 976 984
2 536 538
2 584 586
15 865 880
2 328 330
1 191 192
15 577 592
15 81 96
1 159 160
8 512 528
2 1000 1002
7 673 680
8 944 960
7 369 376
16 144 161
15 176 191
7 593 600
15 337 352
1 303 304
8 448 456
1 431 432
15 0 15
16 416 433
15 225 240
1 1023 1024
8 512 528
15 432 447
8 592 608
15 465 480
16 144 161
16 432 449
15 832 847
7 945 952
15 737 752
8 944 960
8 880 888
8 96 112
2 588 590
2 620 622
8 640 656
8 752 760
2 200 202
15 481 496
7 33 40
15 705 720
7 625 632
7 33 40
2 1002 1004
2 744 746
8 400 416
1 287 288
2 746 748
8 16 24
8 992 1000
8 912 920
8 608 616
15 737 752
15 384 399
1 63 64
15 913 928
8 192 200
15 865 880
15 209 224
15 657 672
2 26 28
2 712 714
8 96 112
2 218 220
7 129 136
15 481 496
8 800 816
15 977 992
2 346 348
16 0 17
2 666 668
15 481 496
8 400 416
2 458 460
8 512 528
15 449 464
8 576 584
2 874 876
15 609 624
16 176 193
7 369 376
15 144 159
1 831 832
2 332 334
15 784 799
2 988 990
1 15 16
7 801 808
15 1008 1023
2 1004 1006
7 97 104
15 737 752
8 896 912
7 961 968
7 33 40
15 321 336
2 348 350
8 352 368
2 616 618
15 272 287
8 240 256
2 888 890
2 586 588
15 689 704
2 202 204
2 780 782
16 784 801
15 769 784
15 449 464
8 960 976
16 544 561
7 369 376
8 368 384
2 892 894
15 544 559
2 90 92
7 945 952
8 240 256
15 81 96
2 872 874
7 241 248
2 124 126
8 800 816
8 864 872
1 431 432
8 304 312
7 353 360
15 160 175
2 120 122
1 847 848
8 672 688
15 913 928
15 193 208
8 400 416
16 272 289
15 113 128
8 928 944
15 1008 1023
7 97 104
15 144 159
15 881 896
7 97 104
7 897 904
7 721 728
8 368 384
2 344 346
7 593 600
1 559 560
7 241 248
8 64 80
1 175 176
2 890 892
2 24 26
2 696 698
1 63 64
7 897 904
8 768 776
15 784 799
8 64 80
8 80 88
7 241 248
15 560 575
15 769 784
1 799 800
15 17 32
7 801 808
7 513 520
7 673 680
8 592 608
16 784 801
15 657 672
8 352 368
8 640 656
8 592 608
1 447 448
7 353 360
7 353 360
15 816 831
7 129 136
15 577 592
2 460 462
15 321 336
15 705 720
8 640 656
15 529 544
7 929 936
16 160 177
7 513 520
15 544 559
15 209 224
1 303 304
8 528 536
8 336 344
16 160 177
8 592 608
7 33 40
16 432 449
7 513 520
2 668 670
2 700 702
8 960 976
8 368 384
16 544 561
7 641 648
2 492 494
8 736 744
15 465 480
8 352 368
16 384 401
15 849 864
2 538 540
15 849 864
2 716 718
7 625 632
15 753 768
2 984 986
7 129 136
16 272 289
7 929 936
7 721 728
8 896 912
15 449 464
2 316 318
15 769 784
16 384 401
8 928 944
7 641 648
15 705 720
8 32 48
7 369 376
16 496 513
15 689 704
15 753 768
8 688 696
2 748 750
7 625 632
15 209 224
8 624 640
2 764 766
15 816 831
7 961 968
2 312 314
8 720 736
8 720 736
7 65 72
8 368 384
1 399 400
15 17 32
15 257 272
8 672 688
8 848 856
2 88 90
15 113 128
1 831 832
8 128 144
8 32 48
1 1023 1024
7 929 936
16 288 305
15 337 352
