500
15 1057 1072
2 104 106
2 860 862
7 497 504
8 928 944
2 314 316
15 705 720
1 527 528
15 817 832
1 223 224
7 1009 1016
16 320 337
7 1073 1080
15 657 672
16 112 129
8 352 368
16 992 1009
8 1008 1024
15 800 815
8 1008 1024
16 720 737
7 577 584
15 288 303
8 928 944
8 624 640
7 689 696
16 208 225
7 625 632
16 240 257
16 1088 1105
7 433 440
7 417 424
2 154 156
1 303 304
16 112 129
8 1120 1136
8 272 288
16 464 481
8 528 544
15 992 1007
7 737 744
8 416 432
15 817 832
7 625 632
1 1103 1104
2 714 716
16 800 817
16 992 1009
15 769 784
8 96 104
15 208 223
15 817 832
15 640 655
7 225 232
2 972 974
1 655 656
7 529 536
15 512 527
7 833 840
15 305 320
7 369 376
1 255 256
7 689 696
8 352 368
7 689 696
7 689 696
8 192 208
8 864 880
15 1 16
2 1066 1068
15 49 64
8 16 24
8 496 512
8 624 640
8 272 288
8 528 544
2 12 14
8 224 240
16 176 193
7 257 264
8 400 416
8 864 880
7 737 744
15 1 16
7 33 40
7 561 568
1 1007 1008
15 912 927
8 1008 1024
1 223 224
15 769 784
7 977 984
15 320 335
8 192 208
15 609 624
15 17 32
8 624 640
7 417 424
15 912 927
8 976 992
16 288 305
15 145 160
7 1121 1128
7 929 936
7 193 200
8 368 384
15 720 735
7 33 40
8 560 576
1 735 736
8 528 544
1 655 656
7 433 440
16 720 737
8 1072 1088
15 512 527
15 208 223
8 64 80
8 64 80
1 127 128
15 97 112
15 609 624
7 929 936
7 369 376
8 976 992
16 512 529
7 353 360
16 160 177
16 880 897
8 448 456
16 912 929
8 400 416
1 527 528
8 64 80
2 108 110
8 224 240
8 864 880
1 479 480
15 849 864
7 353 360
7 193 200
8 432 448
16 320 337
15 945 960
8 736 752
15 320 335
8 352 368
7 737 744
8 736 752
8 32 48
15 240 255
15 880 895
2 664 666
7 433 440
8 832 848
16 896 913
1 607 608
2 56 58
16 672 689
16 592 609
1 559 560
7 1041 1048
1 335 336
7 1009 1016
7 353 360
7 737 744
8 688 704
8 256 272
8 656 664
8 576 592
8 224 240
8 400 416
15 97 112
8 1040 1056
15 128 143
8 576 592
7 193 200
7 785 792
15 464 479
2 828 830
2 156 158
15 592 607
16 208 225
2 858 860
15 336 351
8 928 944
1 815 816
1 335 336
15 592 607
15 464 479
1 607 608
15 449 464
7 529 536
15 1057 1072
1 399 400
8 192 208
7 577 584
16 128 145
2 952 954
7 401 408
15 128 143
16 464 481
7 1105 1112
15 384 399
7 1025 1032
16 1088 1105
8 1072 1088
7 865 872
7 65 72
15 481 496
2 954 956
7 401 408
1 767 768
15 80 95
7 1073 1080
1 815 816
8 1104 1120
16 672 689
15 609 624
8 832 848
7 865 872
8 1024 1040
15 449 464
2 668 670
7 273 280
2 488 490
15 17 32
2 824 826
1 255 256
16 80 97
2 10 12
2 716 718
8 944 952
7 977 984
2 60 62
7 929 936
2 780 782
8 480 488
2 856 858
15 160 175
8 256 272
8 1040 1056
15 1 16
7 497 504
8 224 240
2 712 714
1 559 560
16 512 529
2 956 958
7 577 584
8 816 824
8 1120 1136
8 608 616
15 544 559
7 977 984
1 351 352
7 497 504
15 97 112
8 496 512
1 895 896
2 620 622
8 144 152
16 640 657
8 576 592
15 176 191
7 1025 1032
2 1064 1066
8 1072 1088
8 352 368
8 960 968
16 288 305
16 128 145
7 273 280
7 65 72
7 1121 1128
15 384 399
2 970 972
7 257 264
1 351 352
8 1024 1040
1 175 176
7 833 840
8 784 800
15 1057 1072
15 481 496
16 800 817
15 481 496
16 80 97
8 704 712
8 1024 1040
15 449 464
16 912 929
2 616 618
2 24 26
7 1105 1112
7 417 424
15 672 687
16 880 897
15 992 1007
7 273 280
8 416 432
8 832 848
2 490 492
2 316 318
7 561 568
15 80 95
2 618 620
2 152 154
15 112 127
1 95 96
8 1104 1120
15 17 32
2 968 970
7 1025 1032
15 945 960
8 368 384
7 497 504
7 369 376
8 368 384
7 1025 1032
2 460 462
2 28 30
8 304 312
7 353 360
15 657 672
1 191 192
2 492 494
7 193 200
7 529 536
7 257 264
8 624 640
8 256 272
7 33 40
16 640 657
8 688 704
15 705 720
15 336 351
7 65 72
7 225 232
1 911 912
16 544 561
7 369 376
15 657 672
7 1105 1112
7 433 440
15 1088 1103
15 849 864
7 625 632
8 0 8
2 666 668
7 529 536
7 1105 1112
16 160 177
8 1104 1120
7 1073 1080
1 927 928
8 576 592
16 384 401
15 240 255
8 784 800
8 192 208
8 736 752
16 176 193
1 911 912
1 175 176
8 272 288
8 48 56
7 785 792
8 496 512
8 1056 1064
7 865 872
2 58 60
15 769 784
8 32 48
8 976 992
8 560 576
7 1121 1128
16 384 401
16 544 561
7 417 424
15 800 815
8 432 448
8 1040 1056
8 64 80
7 1009 1016
15 672 687
1 895 896
15 305 320
7 257 264
1 1007 1008
8 784 800
2 456 458
7 561 568
2 26 28
15 896 911
15 961 976
15 705 720
7 977 984
8 736 752
8 1024 1040
7 929 936
8 560 576
7 1041 1048
15 112 127
15 896 911
8 976 992
7 225 232
7 1073 1080
15 160 175
16 752 769
1 735 736
8 432 448
8 768 776
8 1040 1056
8 688 704
7 401 408
1 399 400
16 592 609
2 106 108
1 687 688
16 752 769
1 767 768
15 945 960
8 832 848
7 65 72
7 33 40
8 560 576
2 776 778
8 496 512
8 1120 1136
1 687 688
16 336 353
8 864 880
1 143 144
15 849 864
2 458 460
8 528 544
8 1008 1024
7 273 280
15 49 64
7 1041 1048
2 312 314
15 544 559
1 479 480
15 305 320
1 143 144
15 720 735
15 752 767
7 833 840
8 1120 1136
1 303 304
7 785 792
2 1068 1070
2 8 10
7 561 568
16 336 353
15 961 976
8 416 432
15 145 160
8 928 944
7 865 872
15 288 303
1 1103 1104
8 784 800
8 432 448
7 625 632
1 127 128
1 191 192
16 240 257
8 256 272
7 785 792
15 880 895
8 1072 1088
1 95 96
7 1041 1048
8 32 48
1 927 928
8 400 416
8 32 48
2 826 828
15 176 191
8 688 704
7 225 232
8 848 856
15 145 160
15 640 655
2 778 780
8 416 432
7 401 408
15 1088 1103
7 1009 1016
8 1104 1120
8 368 384
8 272 288
7 577 584
15 752 767
15 49 64
16 896 913
15 961 976
7 833 840
