100
9 1 22
8 0 8
16 0 17
11 0 17
11 12 23
9 8 17
14 16 33
16 6 22
8 25 38
9 25 34
16 19 36
14 22 36
17 38 60
6 40 56
9 34 43
7 30 37
2 42 44
10 45 56
2 45 47
3 42 48
16 51 67
14 47 61
15 48 63
4 54 58
17 61 79
16 59 76
11 66 79
12 66 79
10 73 85
10 74 84
15 78 93
15 78 98
7 89 99
14 85 99
11 88 100
6 83 90
7 102 112
13 95 108
11 95 109
10 92 102
16 108 127
4 108 120
11 104 116
7 104 114
15 120 135
11 122 133
12 121 133
17 119 136
11 128 142
17 132 150
14 132 149
8 130 138
8 143 155
7 141 152
12 142 154
17 145 162
12 149 161
5 149 158
10 155 165
15 155 170
20 168 191
14 161 175
11 167 178
2 167 169
19 171 193
20 172 194
13 180 193
8 175 185
16 196 215
14 193 207
15 188 203
20 189 209
12 207 219
11 208 219
14 209 223
15 211 226
10 222 235
3 220 223
13 221 234
7 224 231
10 230 243
13 224 237
9 229 238
12 230 243
7 236 253
4 242 246
11 238 249
13 245 260
16 247 265
2 248 250
14 250 265
3 245 250
14 262 276
3 254 258
17 258 280
7 260 267
4 270 277
19 266 285
14 268 282
9 268 280
