150
11 0 11
11 0 16
3 1 4
2 0 2
8 7 15
3 9 13
8 11 26
14 10 28
8 10 22
11 12 23
8 10 26
13 14 30
14 29 44
8 21 30
8 22 33
13 24 37
15 34 52
10 32 44
14 36 51
14 38 56
15 54 69
8 54 62
4 49 53
16 45 61
7 61 70
10 62 72
3 60 63
6 60 66
11 63 81
13 69 83
4 68 72
15 61 78
8 76 84
12 80 92
7 73 84
5 77 82
18 83 104
7 89 96
3 86 89
18 83 101
8 95 103
12 101 115
11 99 110
11 101 112
10 110 120
6 104 110
13 109 124
7 111 118
16 120 139
2 116 125
7 112 122
4 115 120
8 124 132
17 118 138
7 125 133
14 119 138
10 130 149
4 129 140
12 136 148
14 134 148
9 143 153
13 144 163
12 144 156
15 149 166
14 155 169
18 161 184
8 158 167
9 152 162
15 169 188
4 171 175
16 165 186
12 170 186
12 182 196
10 180 193
14 182 201
14 176 192
9 190 201
14 191 214
11 191 205
21 188 209
18 206 224
13 211 224
5 207 212
3 211 214
3 218 225
6 216 225
14 219 238
11 213 225
14 226 240
8 230 238
11 229 240
29 228 257
10 243 255
8 238 246
3 236 241
17 241 258
3 246 249
1 246 255
7 249 260
18 251 277
23 257 282
5 254 259
5 256 263
6 258 266
19 271 290
13 267 280
2 269 276
3 262 270
11 280 300
12 272 290
8 273 281
7 281 288
2 285 293
4 281 285
6 286 297
13 286 303
13 295 308
6 296 302
12 294 306
10 296 309
13 303 319
3 304 307
9 301 310
4 298 302
16 313 333
10 307 319
10 313 327
18 306 324
14 323 337
15 322 337
11 326 337
10 322 336
10 340 357
1 340 346
12 333 349
7 336 347
12 339 351
14 346 360
13 339 354
8 347 358
11 360 371
7 350 357
12 360 373
18 350 370
5 365 370
4 363 370
8 364 372
18 369 390
8 376 387
13 375 388
