200
6 5 11
9 4 13
12 5 17
4 0 4
9 4 15
20 9 32
16 4 28
8 6 14
6 19 25
4 26 30
13 23 36
9 17 26
4 34 38
13 34 47
4 34 38
3 34 38
7 32 39
18 30 50
4 34 40
14 39 60
13 46 67
8 46 61
7 49 56
2 46 50
11 53 64
17 56 74
3 53 60
17 57 78
9 64 73
7 65 72
10 63 73
13 67 80
6 77 87
12 73 92
7 78 85
14 76 90
8 79 88
11 87 102
8 89 104
5 86 91
9 92 101
4 91 95
10 95 109
11 91 102
10 100 112
2 105 112
10 102 112
7 104 111
13 110 123
12 111 125
12 111 123
1 109 110
14 115 129
7 117 124
6 115 121
4 120 124
13 124 139
8 125 138
8 123 132
14 129 146
5 134 139
21 137 162
10 132 142
20 131 151
13 147 160
10 147 157
13 146 160
13 155 168
9 163 172
11 160 175
6 158 165
8 166 174
12 169 184
9 173 182
8 167 181
2 167 169
12 182 203
6 179 185
10 184 194
11 183 200
2 183 186
9 186 195
1 189 192
17 188 207
18 195 218
11 192 203
11 193 209
11 194 205
10 204 214
17 210 229
12 213 231
12 213 226
7 222 229
4 216 220
19 216 243
10 225 235
13 236 249
6 229 240
4 234 238
16 227 249
13 242 257
8 244 253
17 240 257
6 239 245
16 252 271
16 254 270
11 248 259
11 255 266
6 266 277
8 260 268
12 266 283
8 267 275
8 273 281
18 275 301
16 276 292
13 276 290
15 285 303
8 287 296
19 285 304
7 286 295
11 296 308
11 304 315
10 297 307
18 302 321
16 311 327
11 310 321
6 307 319
7 308 316
8 319 327
17 317 335
6 323 329
6 325 338
11 330 347
14 335 349
21 335 359
20 337 357
10 344 356
9 353 363
5 349 354
11 347 362
14 358 372
10 361 371
12 362 379
7 353 360
4 370 374
19 371 390
5 368 373
5 373 378
14 380 401
9 378 389
18 375 395
19 372 392
11 391 402
12 390 402
16 395 412
2 389 391
11 398 412
10 403 415
20 405 431
18 406 428
8 414 423
11 418 432
20 420 440
10 419 429
6 428 438
11 425 438
14 424 438
5 428 433
7 432 441
12 440 458
17 433 451
8 438 449
6 443 453
14 452 472
12 453 465
6 444 452
8 457 465
7 457 464
8 458 466
19 461 480
14 466 490
18 464 484
13 468 481
8 466 482
8 478 487
16 479 498
7 476 484
9 484 496
17 494 512
14 490 504
4 487 491
11 490 501
9 498 511
6 502 509
11 508 519
11 508 519
8 511 519
8 508 518
10 513 525
12 517 529
