250
15 5 20
11 0 14
7 0 13
16 0 24
9 8 18
11 12 26
12 8 23
13 16 30
13 25 42
2 27 29
9 28 42
4 27 41
4 29 33
10 35 45
6 34 43
10 33 44
6 37 43
4 38 49
14 39 54
13 34 53
6 50 59
6 44 50
10 44 55
8 42 51
4 49 56
5 54 66
25 49 75
15 50 68
6 72 81
20 63 87
15 72 88
10 65 77
4 75 84
11 78 89
4 80 84
18 78 96
17 93 110
6 89 95
7 91 104
9 90 99
10 95 105
20 102 122
5 99 104
8 97 105
7 110 120
9 104 113
11 112 124
1 114 119
6 119 125
13 119 132
10 121 132
4 121 129
22 126 148
11 129 144
5 128 133
5 125 140
5 132 137
4 137 148
6 131 139
10 131 142
10 141 153
12 145 160
12 142 156
14 146 161
6 151 157
16 156 174
8 156 164
13 155 168
17 159 176
2 169 181
11 162 181
19 163 186
17 175 192
10 171 182
8 175 195
14 181 200
19 191 217
17 190 207
14 186 200
6 184 190
4 207 211
6 201 207
12 202 217
10 204 214
21 216 237
15 214 229
17 215 232
1 215 219
11 222 237
16 225 244
7 223 230
12 225 238
8 236 244
5 235 244
9 231 242
12 234 246
12 249 262
7 246 253
10 239 250
5 242 249
13 256 269
17 258 281
14 249 263
14 256 270
15 271 293
10 271 281
13 269 286
15 264 279
17 279 296
11 280 291
9 276 285
1 277 283
11 285 304
4 295 299
11 291 302
12 287 299
15 300 320
2 304 310
5 294 299
16 303 320
13 305 322
10 305 315
11 306 317
16 309 328
14 321 342
10 317 333
22 320 345
15 316 334
3 334 344
2 335 342
9 339 355
17 339 359
10 344 357
11 347 368
22 339 367
7 344 358
16 358 374
16 360 381
14 362 377
21 352 377
13 373 386
14 372 386
5 374 384
8 376 385
1 381 382
9 385 394
7 383 390
11 381 392
15 391 406
13 389 403
20 392 414
10 387 397
14 403 421
9 402 411
13 401 414
10 403 414
2 416 418
9 419 434
6 416 427
3 420 423
5 417 422
8 425 433
5 417 425
7 419 427
10 433 443
11 431 442
11 425 436
3 430 433
6 438 445
13 440 455
12 439 451
7 436 446
11 449 464
24 445 477
15 446 461
5 442 450
14 465 479
6 463 469
4 456 461
12 457 469
6 467 473
13 467 483
13 467 480
14 470 486
11 479 494
3 479 486
5 476 481
19 475 494
12 495 510
13 494 507
14 489 503
9 487 497
17 503 528
11 501 512
15 507 526
12 499 512
5 516 527
9 519 529
12 520 537
16 511 527
11 525 539
15 526 541
4 531 535
17 521 538
6 542 548
4 539 543
16 543 565
12 535 547
10 546 556
6 546 552
4 544 548
3 544 547
14 548 562
13 551 564
10 549 563
12 556 574
4 569 573
11 561 574
8 569 580
12 568 587
6 573 579
10 577 588
16 576 593
10 577 587
17 582 599
7 587 597
1 584 585
5 590 596
1 588 597
4 588 592
14 592 607
3 595 598
19 595 621
12 602 619
1 597 600
19 602 621
10 611 629
10 610 621
13 608 624
10 609 619
8 624 634
8 619 634
11 622 633
15 619 634
8 631 639
5 637 642
18 637 661
7 635 645
17 636 657
15 642 657
