300
13 0 14
16 1 20
12 3 15
11 3 14
1 17 24
7 15 29
17 16 33
13 15 28
8 19 27
16 18 41
9 24 40
5 19 27
14 30 45
15 34 49
4 27 36
17 35 54
15 49 64
2 40 42
12 46 58
7 48 55
10 54 64
16 52 68
2 53 55
3 57 60
4 65 69
13 63 76
7 59 66
5 62 71
9 68 77
5 65 80
15 66 81
10 64 78
10 77 88
11 79 99
12 82 94
12 76 89
3 86 89
3 85 97
16 89 105
10 94 104
5 99 104
15 99 118
9 98 107
9 93 108
11 106 119
7 109 116
14 112 130
8 104 112
12 120 135
11 117 130
13 115 129
14 117 134
15 131 146
11 125 136
11 130 143
12 125 137
12 139 156
12 145 157
13 140 161
1 139 141
12 148 160
17 151 168
14 147 165
21 155 179
15 171 191
16 169 185
20 166 194
17 165 182
19 186 208
6 189 197
4 179 183
12 185 200
2 193 196
8 189 197
19 198 224
9 194 203
11 203 217
13 207 225
10 207 219
14 201 215
7 216 223
10 214 225
7 215 227
14 215 229
10 222 235
17 230 247
8 220 228
16 228 247
10 238 252
9 235 246
18 238 259
11 239 251
13 247 260
2 252 255
8 248 256
20 245 271
7 263 278
3 257 260
8 264 272
8 259 274
9 266 280
9 270 282
5 271 276
11 262 274
1 278 283
17 280 297
16 281 297
16 276 292
13 290 303
14 284 298
21 285 306
3 286 289
14 300 320
15 297 314
16 306 324
12 296 308
15 311 327
11 312 327
11 314 325
8 310 321
15 322 338
7 321 332
16 329 345
10 325 336
14 340 354
9 334 343
12 333 347
8 333 344
8 354 363
10 352 364
7 353 360
6 351 357
12 361 377
10 353 363
14 360 377
17 355 376
9 371 380
7 366 373
15 367 384
14 373 387
15 377 399
6 378 384
3 377 380
17 376 393
11 388 401
7 392 399
14 391 405
8 392 400
17 398 416
14 401 419
6 398 408
11 402 416
4 415 420
4 416 421
5 414 423
6 412 418
11 415 427
11 418 435
16 420 436
15 423 438
4 428 432
8 428 438
10 429 443
21 435 461
15 445 467
11 442 453
5 438 443
10 441 451
9 456 465
4 448 460
10 458 469
14 453 469
28 462 500
9 463 472
11 458 469
14 461 477
9 473 484
10 476 488
13 482 495
6 482 488
15 484 501
9 484 493
10 485 495
16 490 513
17 495 512
6 500 510
16 499 518
13 494 511
9 512 525
10 507 517
20 507 529
8 513 529
8 520 531
13 522 535
17 521 539
6 529 535
7 536 543
8 535 543
6 539 545
7 534 541
12 542 556
1 538 539
4 540 548
9 538 550
2 545 550
4 553 557
12 550 562
18 544 562
9 563 572
9 560 573
14 559 576
8 553 570
11 573 588
14 571 591
9 573 587
4 573 577
6 574 580
7 580 592
9 573 586
8 581 592
13 588 605
20 580 600
6 583 590
6 582 588
17 594 615
12 600 616
13 593 608
8 593 601
12 612 624
16 603 619
9 607 618
10 603 613
7 622 629
6 621 629
6 621 627
7 620 633
15 625 644
15 631 646
12 626 639
8 631 642
11 639 650
14 643 658
27 637 664
7 642 652
13 652 665
7 659 669
17 652 673
9 654 666
20 670 691
7 662 669
8 664 676
10 669 681
14 681 695
12 677 699
8 682 696
13 682 701
12 692 708
8 683 697
9 691 700
6 683 693
9 692 701
3 693 696
7 699 707
8 694 702
8 700 708
15 703 722
15 705 721
11 708 723
13 712 725
13 719 733
15 721 741
10 717 727
12 733 745
5 727 739
13 727 746
8 724 732
4 737 741
5 733 738
8 734 746
3 742 745
12 738 750
4 748 752
13 738 759
3 747 752
15 748 763
7 747 759
11 750 761
9 749 761
10 760 776
1 759 764
11 761 773
15 762 781
5 774 780
6 771 778
11 775 789
6 768 774
14 777 791
10 783 793
12 773 785
11 782 795
