350
13 2 20
11 3 15
13 5 18
9 0 9
6 12 18
6 10 16
7 6 13
8 14 22
5 23 36
20 18 38
9 23 34
13 19 33
11 26 37
12 27 45
14 33 51
20 32 53
4 39 48
10 41 62
7 43 56
15 40 62
15 49 65
11 52 64
10 56 66
4 50 54
10 62 77
17 60 77
17 60 79
9 58 67
9 79 90
12 79 95
13 79 92
8 76 84
7 82 91
12 89 101
10 86 99
17 84 101
6 100 110
5 95 101
6 93 101
23 100 123
9 113 126
14 113 129
9 113 122
1 109 110
7 118 126
10 119 135
6 114 120
10 121 131
1 126 129
3 120 124
9 121 133
1 124 125
12 126 145
9 131 140
12 131 143
15 128 143
17 143 164
9 139 148
6 143 149
20 142 162
6 149 157
13 156 170
9 148 157
18 148 174
8 170 178
10 167 177
6 167 173
15 160 176
6 175 185
10 171 181
13 175 189
8 177 185
7 184 191
11 186 199
4 184 188
13 181 194
13 194 207
14 187 201
7 189 196
9 190 199
13 208 222
13 201 214
10 204 214
16 199 215
9 220 229
3 221 224
6 220 226
1 216 217
13 225 241
15 217 232
10 217 227
5 218 230
12 228 245
9 236 252
11 228 239
11 229 241
6 247 260
6 243 249
12 241 253
8 241 251
16 250 268
13 248 261
2 246 248
9 246 261
14 256 273
8 262 270
2 262 268
15 257 272
2 273 276
11 269 280
12 269 283
14 265 279
14 277 291
15 285 300
19 283 302
9 284 293
9 297 309
12 299 320
8 290 299
10 293 311
10 302 319
13 300 313
9 304 317
13 306 319
6 317 323
9 311 324
11 310 324
17 310 327
10 329 342
5 321 326
15 328 344
14 328 342
12 337 349
6 336 344
13 342 355
8 332 347
20 345 370
8 344 354
21 346 373
10 351 361
10 361 376
14 361 376
12 360 375
18 363 383
11 375 386
8 380 388
8 380 388
13 370 383
10 384 395
8 388 397
24 384 408
10 381 391
8 402 410
1 396 397
7 401 412
4 399 403
11 400 411
7 404 414
8 406 417
10 398 420
16 414 431
17 417 435
10 417 427
9 413 424
11 425 436
9 430 439
10 423 433
4 425 435
9 428 437
15 430 447
18 428 448
13 436 452
18 448 476
8 451 459
14 447 461
21 442 468
8 462 481
9 460 470
16 465 481
11 466 478
7 470 477
5 471 484
10 474 490
16 476 496
15 485 500
10 485 495
12 481 493
12 479 492
7 496 503
20 495 515
11 490 501
8 497 507
8 509 525
12 505 517
8 505 513
15 507 524
13 514 527
13 517 531
9 515 526
16 518 539
21 529 551
10 531 542
13 525 538
10 526 536
8 542 553
16 540 556
10 539 549
19 549 571
11 561 572
12 554 566
6 560 566
12 554 567
8 568 580
16 568 584
1 569 570
10 562 572
4 575 581
16 577 593
12 574 586
15 581 602
10 588 598
13 589 606
10 588 607
8 585 593
11 601 614
13 595 610
17 601 618
3 600 609
20 610 634
8 608 616
8 609 617
5 610 625
6 620 629
15 621 644
4 623 629
15 624 644
9 627 636
10 634 646
12 631 643
10 629 643
5 639 644
7 640 647
3 635 638
15 637 652
16 642 658
9 651 663
9 652 666
10 646 660
11 663 675
15 659 680
10 662 672
9 653 662
1 669 679
9 668 677
8 673 683
7 668 675
8 674 682
18 677 695
5 680 688
10 677 687
15 688 703
12 682 694
18 684 706
10 681 693
9 703 719
6 700 706
4 704 708
10 697 712
10 709 719
8 705 713
10 706 717
13 711 724
10 721 731
10 714 727
23 715 741
15 716 734
7 728 735
14 734 750
8 729 738
5 733 746
8 741 749
14 735 750
16 738 754
17 745 763
3 757 760
5 759 764
17 757 774
14 749 763
5 762 767
8 768 776
20 760 780
6 767 778
6 771 777
16 768 790
8 774 782
15 769 790
11 785 796
13 785 799
17 779 796
7 783 790
9 791 800
17 793 816
12 794 806
6 793 802
17 809 826
6 806 812
7 809 816
9 811 820
3 817 821
6 817 823
9 820 829
9 813 826
9 820 829
3 819 822
5 819 829
9 822 837
11 831 845
11 831 842
15 825 842
10 825 835
17 838 855
6 840 848
6 844 850
10 842 853
12 848 867
16 853 870
8 852 860
15 857 878
12 866 878
8 864 874
14 864 880
3 869 872
6 873 883
15 878 893
8 877 889
16 876 899
1 890 892
11 889 900
10 890 901
7 882 891
3 890 894
16 895 911
10 897 908
8 892 910
8 906 917
9 900 909
14 899 914
9 901 914
11 910 921
9 907 918
