400
17 0 17
11 3 24
9 0 9
15 3 22
10 17 37
16 13 29
9 17 26
7 17 25
9 28 41
10 23 33
13 28 42
15 24 39
10 39 56
5 32 40
8 30 38
8 39 47
11 39 54
17 40 58
3 41 46
21 45 68
19 53 72
7 59 66
8 53 66
6 58 64
9 61 75
10 62 72
9 71 80
12 71 83
9 71 80
5 75 83
2 79 85
7 81 88
13 85 98
12 85 99
5 80 92
15 85 100
7 88 97
11 97 117
22 92 117
10 94 104
16 105 122
13 103 117
16 104 120
9 105 120
13 121 134
14 123 137
12 123 135
11 121 132
7 135 142
2 132 136
9 132 143
10 126 136
12 138 155
11 134 145
5 142 149
14 133 147
10 146 160
11 154 166
1 150 151
8 153 164
17 156 173
5 160 167
19 151 170
24 161 185
18 177 201
13 174 187
9 173 186
14 173 188
1 185 186
12 182 198
18 190 208
11 185 203
14 197 214
14 198 214
10 196 206
10 196 206
3 204 207
8 204 212
15 208 223
22 210 232
20 219 239
9 216 229
4 218 224
4 221 228
11 226 237
13 227 240
16 232 250
6 225 236
15 236 253
10 243 255
12 237 250
12 237 249
14 255 272
13 255 268
9 252 266
2 258 272
6 264 270
10 264 274
11 263 274
10 266 276
7 267 274
7 271 278
10 272 282
4 271 279
7 277 286
3 276 286
5 279 284
10 277 287
16 289 306
12 287 301
11 290 304
16 282 304
17 295 312
13 297 317
12 294 312
12 304 316
10 311 325
19 311 330
12 311 330
2 315 320
13 327 340
7 323 330
15 321 336
17 327 346
15 336 351
14 333 347
2 331 333
6 338 344
15 345 363
13 348 366
10 350 360
18 342 364
12 359 371
10 358 368
11 356 374
11 358 369
17 370 387
11 376 387
14 366 388
6 376 382
1 380 384
17 382 399
16 379 403
3 387 393
8 387 397
9 392 401
17 388 405
16 389 405
16 403 424
9 407 419
9 405 417
10 402 412
13 420 438
15 417 436
14 410 424
2 418 420
16 422 443
12 423 438
15 427 445
6 423 429
14 442 456
2 442 447
11 435 446
10 441 451
12 443 455
17 447 466
7 450 457
14 445 462
12 458 470
8 461 472
6 461 467
7 463 470
15 464 479
2 470 474
11 473 484
6 465 477
9 482 493
20 473 501
7 474 481
9 479 489
5 493 498
12 492 504
4 486 493
11 489 500
9 500 513
1 494 495
7 497 506
15 493 512
13 508 521
12 500 516
5 507 514
9 504 513
10 518 528
4 512 517
18 517 535
12 514 526
11 520 531
15 525 546
13 528 541
1 522 525
9 536 545
20 538 558
10 534 544
12 533 545
15 546 564
16 548 564
10 553 564
16 544 569
17 561 582
16 558 578
12 559 571
4 562 566
15 578 594
12 577 594
5 577 582
11 569 583
14 584 598
10 586 598
15 584 599
11 584 599
1 599 600
8 600 608
10 595 605
8 599 607
13 604 617
8 604 615
14 603 619
14 607 621
11 615 634
11 620 631
6 619 625
8 617 625
2 630 635
1 629 639
9 631 642
2 627 629
9 632 644
9 630 639
18 626 644
8 628 636
12 639 652
7 645 652
14 643 657
10 645 657
15 652 670
11 654 668
13 651 670
10 649 659
7 668 675
16 666 682
11 664 675
6 663 669
10 676 686
7 672 680
15 678 693
8 674 682
13 688 701
10 687 697
16 686 709
15 679 695
14 700 717
14 702 720
1 699 701
7 698 705
20 701 721
5 711 719
4 706 710
11 710 721
6 717 723
8 711 721
7 717 724
13 711 724
9 721 732
15 722 738
5 728 739
14 727 741
9 730 743
12 738 751
11 734 747
1 738 739
13 741 754
10 748 760
20 744 766
3 740 743
1 757 758
17 760 781
4 758 762
18 757 775
10 764 774
12 767 781
13 767 780
10 767 777
17 779 798
10 775 785
12 773 786
9 779 793
9 789 798
17 790 807
3 793 796
4 785 792
16 800 825
10 797 807
4 800 804
8 800 809
15 802 820
18 808 826
6 810 816
7 808 815
17 812 833
14 816 833
18 815 834
12 821 840
3 833 836
8 832 840
8 828 836
9 837 851
9 841 855
14 841 862
8 837 848
15 844 859
4 850 854
11 849 864
13 850 868
4 852 860
14 856 870
6 854 860
12 856 868
10 859 872
13 871 889
8 868 876
15 871 886
12 870 885
12 884 900
13 878 893
13 878 891
10 886 896
12 896 912
8 892 910
15 889 904
8 888 896
5 899 904
8 901 909
4 906 915
9 904 917
18 906 930
15 911 933
18 913 931
6 911 924
9 930 940
14 925 940
16 921 938
11 922 933
3 938 942
13 936 955
8 940 957
9 934 943
13 946 959
11 945 956
15 950 967
6 943 949
12 960 972
12 952 964
15 959 977
1 957 958
5 971 976
9 969 978
9 965 975
9 968 977
15 971 988
13 978 991
16 979 995
15 973 988
4 991 995
8 993 1001
2 993 995
9 995 1007
15 992 1008
14 994 1010
10 990 1002
11 995 1008
6 1012 1018
25 1003 1028
7 1007 1014
10 1008 1026
21 1019 1040
14 1024 1043
15 1016 1032
14 1020 1042
11 1035 1056
4 1040 1044
6 1040 1050
10 1033 1048
7 1048 1055
15 1049 1064
1 1039 1040
11 1039 1050
8 1052 1060
8 1049 1065
9 1054 1063
13 1048 1062
