450
9 0 11
16 0 20
19 0 26
5 5 10
5 9 14
11 17 34
13 16 29
5 17 22
9 24 33
3 15 18
8 16 25
5 23 34
14 32 54
13 23 39
4 23 27
8 31 42
16 39 60
19 38 63
8 35 43
11 32 43
7 50 57
12 49 61
14 52 70
7 55 62
5 63 72
2 57 59
10 64 79
13 62 75
18 62 85
17 71 91
12 62 74
2 63 65
14 76 90
9 85 94
10 80 91
5 84 89
13 85 102
6 86 92
9 85 94
11 89 100
8 102 112
6 104 114
15 98 113
17 102 127
2 110 112
6 108 115
9 113 122
1 110 111
9 114 124
3 119 122
13 112 127
17 110 127
4 124 128
8 124 132
9 121 131
11 122 134
13 137 154
10 129 139
10 134 144
12 136 148
9 148 161
16 144 164
10 144 162
10 145 155
15 161 176
12 153 167
16 159 177
12 160 176
20 173 194
10 166 176
12 174 186
3 165 171
5 176 181
9 183 193
9 182 194
12 180 193
14 185 206
1 195 196
13 185 198
13 189 202
13 205 220
10 196 206
6 201 207
20 196 220
6 208 215
8 217 225
4 207 211
19 216 235
22 225 247
5 220 228
19 217 238
10 219 235
20 235 255
14 237 251
15 233 257
8 237 245
24 249 275
17 251 269
18 248 268
14 246 260
9 264 279
5 272 280
4 269 277
2 270 278
17 277 302
11 270 285
4 278 287
8 270 278
5 284 289
11 284 295
15 286 308
12 282 297
8 293 307
5 292 297
14 297 311
10 291 301
12 308 322
12 299 314
15 305 320
5 305 310
2 314 316
19 314 334
8 318 326
14 316 330
6 325 331
12 328 340
8 329 337
17 321 340
9 335 344
8 330 345
10 336 346
4 337 344
15 340 355
20 344 364
9 348 357
11 348 359
5 361 370
8 360 371
16 354 371
4 361 366
9 365 384
3 361 372
10 361 374
7 370 383
6 372 381
11 376 396
6 374 380
14 371 385
13 386 399
11 382 393
13 383 398
9 383 392
9 389 402
1 395 396
12 398 412
10 388 402
17 404 430
10 402 412
10 399 409
15 397 416
17 419 436
13 418 436
10 418 428
8 414 422
8 428 436
8 425 434
10 426 437
12 422 434
12 434 446
8 440 448
11 438 456
8 436 453
11 441 459
11 445 460
9 440 453
5 444 449
12 453 465
5 452 460
17 455 472
15 459 475
8 468 476
14 470 484
23 472 498
13 468 481
12 481 495
6 483 489
6 481 489
16 482 498
5 492 497
5 494 502
12 487 499
14 492 510
1 495 502
10 498 514
16 501 519
22 505 528
4 507 511
11 514 528
17 507 527
10 514 524
9 519 535
15 528 543
15 519 537
11 527 539
10 534 544
5 531 536
7 536 547
10 535 545
12 542 558
5 540 551
7 541 548
8 544 555
5 552 558
25 553 580
10 553 563
5 546 551
8 558 568
13 564 579
10 558 568
19 564 587
6 578 584
3 574 577
21 580 601
12 570 582
6 586 604
13 588 605
6 585 591
17 590 613
7 592 607
1 599 606
14 598 612
10 595 605
12 603 620
15 601 616
8 605 616
13 603 618
11 619 639
16 616 632
14 620 647
15 617 632
12 634 646
9 632 647
6 635 641
10 628 643
7 636 643
9 644 654
10 642 652
14 640 654
10 650 662
7 645 656
4 652 658
11 653 664
15 652 668
7 658 668
10 654 664
6 659 665
13 662 678
11 666 678
17 671 691
13 669 682
16 684 701
14 683 697
5 680 690
8 680 691
15 689 704
9 696 705
8 689 697
12 688 700
14 706 722
6 699 706
9 703 715
6 704 714
13 708 721
12 716 728
14 708 722
7 710 717
12 718 731
6 719 728
13 723 737
15 717 732
16 733 750
5 734 739
14 729 743
12 734 746
7 751 758
18 751 771
7 741 748
2 747 749
21 750 775
4 751 764
7 755 767
11 757 771
5 762 767
16 760 780
8 764 782
12 767 779
9 780 795
10 771 781
12 772 785
4 775 779
5 782 787
13 781 797
7 780 787
12 788 807
7 788 795
14 798 812
10 788 802
12 791 803
20 801 825
11 802 816
7 802 814
20 809 829
9 816 828
9 822 831
3 818 821
6 814 820
15 820 842
5 826 833
4 830 836
10 825 836
7 838 845
10 836 848
13 834 850
14 837 851
16 849 869
13 846 862
11 842 854
10 849 859
11 861 872
5 861 867
6 855 862
2 861 863
6 862 873
1 862 871
14 863 878
15 861 884
20 871 891
9 868 877
17 875 892
17 872 890
16 888 904
11 883 896
4 886 895
15 884 908
10 899 909
14 898 912
7 897 904
1 902 903
1 911 920
8 902 913
9 910 919
9 902 916
17 914 936
12 910 923
7 914 921
3 914 917
2 924 927
10 928 938
14 920 934
12 925 940
17 930 951
7 932 939
18 928 947
14 933 948
16 951 969
13 948 963
7 946 953
6 942 948
8 953 961
3 957 964
17 962 979
11 956 969
4 969 975
9 966 975
17 967 986
14 965 979
10 984 995
8 978 994
9 980 990
19 980 999
17 989 1006
12 988 1000
8 993 1001
17 988 1007
13 1005 1018
13 1000 1016
11 1008 1022
14 999 1017
9 1011 1020
12 1013 1025
2 1021 1024
4 1016 1020
6 1018 1024
12 1020 1032
11 1024 1035
11 1021 1032
6 1030 1036
13 1029 1042
7 1031 1042
16 1036 1052
3 1043 1050
8 1048 1056
6 1048 1055
6 1042 1055
10 1048 1059
10 1048 1060
8 1044 1052
16 1051 1070
8 1055 1069
7 1058 1065
1 1065 1066
19 1064 1089
11 1067 1079
12 1066 1081
15 1074 1096
17 1067 1084
16 1087 1107
1 1081 1082
11 1086 1097
13 1080 1097
8 1091 1107
5 1096 1102
7 1095 1102
6 1092 1098
11 1102 1123
19 1102 1122
12 1096 1108
3 1098 1101
5 1115 1124
2 1113 1121
17 1116 1134
14 1112 1126
8 1115 1131
10 1125 1135
14 1122 1136
11 1117 1128
14 1131 1146
9 1130 1143
17 1128 1149
6 1128 1143
13 1138 1153
12 1143 1159
9 1139 1150
7 1143 1154
15 1153 1168
11 1151 1172
8 1151 1159
13 1156 1169
4 1165 1169
14 1167 1181
