500
11 5 16
19 1 30
12 1 13
5 0 13
10 11 22
21 13 34
19 8 30
19 6 31
13 34 48
13 27 40
7 31 38
7 25 33
5 36 41
11 39 57
19 39 60
11 43 56
24 45 76
12 53 65
8 52 60
24 50 74
16 68 89
14 66 81
13 68 81
17 63 87
8 83 91
16 81 97
10 82 95
15 84 106
10 97 109
18 91 109
12 89 107
22 98 123
13 108 122
7 112 123
9 112 123
11 106 123
4 125 129
5 122 131
13 118 131
9 116 125
11 132 143
9 125 134
13 123 136
14 124 138
1 139 145
7 134 149
15 138 162
2 135 138
17 150 168
16 147 166
8 148 159
3 146 150
12 155 167
28 162 190
14 158 173
7 155 162
14 171 185
11 171 182
19 174 193
12 171 187
16 189 206
6 191 199
14 184 198
23 182 205
11 196 208
15 197 212
4 198 202
1 205 206
7 205 212
16 210 226
18 213 231
13 209 223
10 227 237
1 226 227
6 225 231
9 221 230
17 233 250
8 231 241
17 232 249
3 231 239
11 241 255
14 235 249
19 238 259
13 245 259
1 253 254
24 253 277
5 258 268
7 257 264
10 264 274
2 259 261
14 268 288
3 259 267
8 272 280
13 272 289
8 271 279
11 274 291
12 279 291
10 277 287
1 276 277
8 278 288
12 283 296
14 290 306
17 284 301
17 285 305
8 303 313
3 307 310
3 305 308
7 307 314
15 305 320
17 306 328
11 310 321
9 307 316
4 319 323
10 326 336
9 318 327
12 316 328
12 335 350
12 325 338
13 331 344
7 331 338
4 341 346
15 340 358
14 345 359
3 342 351
6 355 370
3 350 353
17 348 365
8 347 355
14 362 376
8 356 364
14 362 387
9 362 371
14 365 383
8 371 380
11 368 383
4 373 377
10 375 387
8 379 387
6 384 400
7 374 381
19 388 407
8 389 397
13 385 399
14 385 399
16 399 418
7 396 403
11 396 407
20 397 417
8 411 419
12 414 426
6 410 416
12 411 426
1 428 438
14 426 443
13 422 439
9 418 435
7 437 445
10 428 444
9 432 442
8 429 437
14 440 456
6 446 457
14 441 455
16 440 456
6 455 461
9 455 464
5 449 460
9 452 463
9 459 468
2 465 467
13 457 470
5 458 465
15 463 478
6 468 474
10 463 477
9 470 480
9 481 492
12 474 492
7 482 489
10 474 485
7 485 492
9 484 493
19 485 508
7 491 499
10 502 514
11 499 510
5 501 513
11 493 504
8 508 516
16 503 522
15 508 523
12 504 516
12 522 538
9 521 538
14 525 547
6 525 534
10 530 546
11 530 542
4 529 533
9 529 540
3 541 546
2 541 547
22 539 563
1 540 544
16 543 560
10 548 558
7 542 549
16 547 563
10 560 573
7 558 565
6 560 566
7 562 569
7 567 574
9 562 573
21 569 595
12 571 590
12 577 589
4 574 582
13 573 586
17 574 591
14 586 602
4 587 594
12 590 606
5 589 594
13 594 612
2 600 605
6 593 600
4 598 607
12 607 620
15 604 621
4 606 612
24 607 636
11 613 624
1 615 619
10 621 635
10 620 630
10 621 632
12 628 640
22 630 652
11 622 637
8 636 644
14 639 653
10 640 650
16 645 661
10 657 671
7 648 656
11 654 668
8 648 656
21 662 683
21 656 677
11 656 667
15 656 675
16 680 696
5 678 683
11 683 697
16 673 689
6 693 699
12 685 697
9 690 699
10 691 704
20 702 722
12 694 708
5 704 709
8 695 705
11 706 722
21 714 737
6 705 716
8 714 725
9 726 735
11 727 738
9 717 731
17 722 739
8 728 736
9 729 738
14 731 749
16 733 750
15 743 771
17 746 764
8 745 755
12 750 766
18 760 778
15 755 772
7 753 764
16 762 780
8 771 785
14 777 798
13 773 788
21 768 793
7 781 788
8 784 792
5 788 800
7 791 806
5 790 795
9 791 805
2 797 799
3 797 800
4 795 799
10 796 806
12 798 810
7 803 813
18 811 832
7 811 820
7 807 814
7 804 811
19 817 839
9 818 827
11 813 824
9 821 839
13 831 846
8 830 839
12 828 840
7 826 837
9 833 845
9 836 845
4 834 843
6 836 842
19 844 863
17 845 862
17 846 863
11 844 859
12 865 877
5 862 867
8 861 869
16 860 876
14 867 881
6 870 880
7 869 876
10 866 876
16 876 892
12 876 889
12 885 899
20 881 903
20 890 914
15 890 905
23 892 915
3 897 901
5 906 911
7 913 920
6 906 912
18 907 925
10 919 934
2 914 920
20 921 941
12 923 936
9 926 935
1 927 929
12 928 943
17 935 956
8 942 950
7 944 954
12 941 954
9 938 951
15 954 974
17 951 974
22 949 976
12 949 969
12 964 977
12 967 981
10 969 980
12 967 984
12 976 997
20 980 1002
11 974 985
5 972 977
9 991 1002
8 993 1001
12 988 1000
10 990 1000
3 995 998
20 1002 1022
8 998 1006
8 997 1008
17 1006 1023
11 1012 1027
8 1004 1012
8 1012 1022
6 1015 1023
9 1018 1035
6 1015 1021
4 1023 1027
9 1029 1038
9 1030 1042
10 1030 1040
9 1028 1037
20 1036 1059
7 1040 1047
8 1037 1045
13 1032 1045
15 1051 1066
9 1052 1062
8 1050 1058
13 1049 1062
16 1055 1073
6 1062 1068
11 1059 1071
13 1061 1075
6 1069 1076
9 1065 1080
10 1071 1084
12 1068 1080
6 1074 1082
5 1082 1088
5 1079 1090
15 1084 1099
11 1085 1099
9 1088 1098
16 1082 1103
14 1086 1100
9 1094 1103
9 1102 1112
18 1102 1123
13 1096 1111
14 1110 1129
10 1111 1125
3 1116 1119
20 1114 1139
7 1128 1135
21 1122 1144
6 1126 1132
7 1127 1136
22 1131 1153
12 1133 1145
7 1129 1137
10 1133 1147
12 1143 1155
13 1142 1155
12 1148 1160
9 1147 1157
2 1160 1169
14 1160 1180
7 1162 1169
5 1160 1166
14 1164 1178
12 1168 1180
8 1170 1178
16 1162 1178
10 1175 1185
9 1181 1190
16 1179 1195
5 1175 1180
17 1187 1205
1 1190 1198
19 1192 1211
12 1188 1202
12 1203 1215
7 1201 1208
10 1200 1210
5 1201 1206
13 1207 1220
10 1208 1218
16 1205 1221
7 1211 1224
23 1215 1241
17 1218 1238
8 1218 1231
10 1220 1235
12 1235 1247
16 1234 1250
8 1232 1240
17 1231 1250
5 1244 1250
17 1243 1260
16 1248 1269
8 1244 1252
10 1263 1275
13 1262 1276
13 1257 1270
12 1262 1274
9 1267 1276
11 1267 1278
9 1270 1285
4 1270 1274
8 1280 1288
15 1280 1298
14 1281 1297
8 1284 1294
21 1290 1311
6 1288 1295
5 1285 1294
11 1287 1299
13 1296 1309
9 1305 1314
14 1299 1313
5 1303 1308
20 1313 1333
4 1308 1317
10 1312 1324
20 1316 1338
8 1327 1335
4 1325 1329
16 1320 1336
14 1323 1338
7 1339 1351
5 1334 1340
17 1330 1347
12 1333 1347
19 1343 1362
9 1341 1353
3 1346 1352
6 1347 1353
