100
24 5 38
14 18 38
16 21 38
7 24 40
7 7 22
22 0 27
9 8 21
8 18 26
23 21 45
24 10 36
9 12 21
2 13 16
20 22 48
15 1 19
14 13 34
18 0 19
17 9 33
5 11 25
23 20 50
5 17 26
21 1 23
4 6 12
8 2 15
18 14 32
20 11 40
21 5 35
11 15 27
21 1 29
9 4 20
6 4 13
15 23 47
15 0 19
25 23 55
20 21 46
16 21 42
17 4 30
5 20 31
14 19 34
7 8 21
20 21 49
3 14 18
14 17 33
23 3 34
16 9 33
5 9 18
10 24 38
9 16 30
1 1 6
22 12 40
24 1 29
16 12 33
7 12 20
2 11 18
10 3 18
1 11 14
9 22 36
18 10 37
10 21 34
18 5 27
18 17 42
3 2 10
7 18 27
9 19 28
6 13 23
13 23 40
6 22 35
1 6 7
5 3 12
20 19 39
2 19 27
12 23 42
18 11 38
24 2 29
18 12 34
1 1 4
10 19 32
8 11 22
5 3 9
1 11 20
13 3 19
6 23 34
10 3 19
22 18 48
7 5 17
23 13 41
1 17 21
17 4 23
4 16 24
20 23 51
5 16 21
4 22 26
12 14 33
23 2 28
10 23 39
12 7 21
8 0 8
14 15 37
16 17 34
22 11 42
17 5 22
