150
24 4 35
9 3 20
27 10 45
4 11 24
3 33 41
9 24 36
9 28 42
17 11 39
11 32 47
29 26 55
23 30 56
21 1 22
13 7 26
26 1 33
20 3 26
31 27 58
11 5 25
17 14 39
34 16 51
22 19 47
8 10 28
27 25 52
12 19 41
8 13 30
10 24 38
2 1 3
33 23 66
34 0 34
12 20 43
5 10 25
31 8 39
3 10 24
13 10 24
13 12 32
17 16 44
32 29 69
14 8 33
2 1 12
14 17 32
2 24 32
16 30 52
12 3 26
18 25 53
16 9 35
4 7 13
6 24 40
5 31 45
33 1 34
4 13 20
18 31 57
5 0 10
21 14 40
36 6 42
33 9 47
23 10 39
10 29 43
2 36 41
18 23 52
13 19 41
25 17 47
13 0 20
23 24 57
26 12 47
15 14 31
19 20 47
27 31 62
6 5 21
16 12 30
19 16 45
2 28 37
11 7 29
37 20 59
22 36 61
15 21 38
20 23 52
34 2 43
36 5 43
35 10 51
31 2 41
20 23 53
3 2 11
23 5 29
1 8 10
1 19 20
22 18 46
17 21 43
6 29 35
18 17 37
3 30 44
5 34 45
30 31 63
11 36 56
11 10 21
7 26 44
20 34 56
11 26 46
5 1 17
12 3 24
8 22 30
19 21 44
30 15 48
22 5 33
24 0 26
37 5 46
16 28 54
10 8 26
28 7 36
22 2 26
12 32 50
24 9 33
22 15 38
27 18 48
23 26 50
31 16 51
17 1 24
33 32 70
33 11 51
24 20 54
24 36 70
9 25 35
2 3 11
26 28 59
37 11 50
36 0 45
26 29 64
16 18 43
16 35 53
15 32 55
7 3 18
4 26 32
29 28 59
32 3 38
35 19 61
10 24 36
24 27 51
20 13 44
17 16 43
35 0 40
13 32 52
35 15 50
18 1 24
30 27 65
6 12 18
32 36 68
36 29 72
11 33 52
6 21 37
28 21 56
20 4 35
22 14 45
