200
6 36 44
18 37 66
36 13 55
7 27 47
48 7 67
34 12 58
38 13 63
2 21 27
19 18 45
28 10 43
5 16 32
13 39 63
35 45 80
15 34 57
41 15 67
11 45 64
9 21 40
50 42 93
25 27 58
48 19 80
47 3 59
40 18 58
40 34 86
13 14 28
37 21 68
49 2 64
10 1 22
44 31 88
7 20 33
37 32 72
26 34 67
38 46 87
20 2 28
32 28 69
32 44 79
4 8 17
33 45 78
31 35 72
42 26 69
43 31 85
1 47 53
21 6 31
46 6 58
10 4 22
3 9 25
48 48 106
5 24 29
36 5 50
19 36 64
40 35 76
42 16 59
36 17 64
10 23 37
31 7 40
6 2 12
38 41 88
17 1 18
3 39 54
20 29 60
21 24 54
39 20 63
15 0 28
8 15 26
3 29 36
37 37 79
40 25 77
18 35 57
11 0 20
27 22 56
25 44 78
30 33 63
10 20 37
38 18 69
20 0 23
5 29 46
35 33 80
36 20 68
39 19 58
27 17 57
31 35 79
24 6 35
29 0 35
2 30 39
14 7 24
15 44 60
2 39 47
31 12 56
29 19 54
23 46 69
7 1 10
14 39 62
46 29 82
18 1 25
27 1 35
10 41 53
1 28 32
32 38 78
8 5 13
8 44 53
30 8 43
13 10 34
5 48 64
40 21 71
21 6 30
46 19 74
9 33 54
36 13 55
39 38 84
50 49 101
44 36 81
40 45 88
25 21 55
47 36 95
28 20 59
6 18 36
27 28 67
40 11 55
33 10 48
13 23 44
31 9 42
5 4 19
48 36 94
42 21 63
30 48 88
36 36 84
13 10 31
1 12 23
16 11 35
38 20 71
32 15 50
11 0 15
34 38 84
49 48 98
33 32 70
13 25 41
16 28 53
21 27 56
1 38 42
42 36 83
49 35 93
34 15 60
14 11 38
8 12 29
49 2 54
32 20 59
43 0 46
35 9 46
16 34 59
18 18 37
6 35 46
32 5 43
42 40 95
5 7 15
19 7 28
23 26 56
25 12 45
38 37 79
42 30 79
35 37 85
29 30 67
15 18 43
18 21 50
10 3 19
38 41 87
20 43 65
19 26 46
30 5 47
29 42 83
41 48 95
35 5 47
16 41 62
33 43 87
22 43 72
21 30 53
31 39 78
33 39 81
42 19 70
42 18 66
13 24 49
39 47 98
15 30 49
23 27 59
19 49 68
11 12 35
2 48 62
33 42 86
37 1 49
17 43 70
19 31 50
24 14 44
42 35 89
37 35 77
3 9 24
32 5 50
30 21 62
35 31 75
30 9 51
13 37 63
30 18 52
11 36 57
