250
25 44 69
33 0 42
44 22 73
40 14 55
18 42 63
33 12 54
54 12 66
62 41 105
24 38 75
55 8 71
38 25 76
6 42 58
8 29 47
5 2 20
13 58 80
25 59 84
7 8 29
45 14 67
54 13 75
37 61 101
18 6 33
9 56 72
59 41 101
42 44 92
46 14 70
24 12 44
22 42 65
8 47 58
10 1 16
38 0 43
25 0 36
60 8 75
47 21 78
21 42 66
29 22 61
18 49 69
12 29 45
26 38 65
16 57 84
31 27 63
53 16 81
30 60 99
61 61 123
58 42 105
58 42 109
20 47 80
20 25 51
40 24 68
26 38 74
61 40 110
10 3 16
13 36 51
39 35 75
26 14 50
26 45 77
43 16 59
46 19 67
39 37 78
33 44 85
16 29 52
39 32 72
33 4 43
62 12 74
12 56 80
32 30 75
62 20 82
49 11 60
7 43 56
55 42 110
34 37 76
15 3 21
50 13 70
6 21 37
8 21 39
19 20 43
42 14 56
36 15 60
57 32 99
55 29 84
26 45 79
50 28 89
33 20 63
6 7 22
29 8 46
8 20 36
15 44 63
37 40 83
52 5 63
39 48 96
54 16 75
43 43 89
10 17 39
47 56 117
2 41 49
7 11 20
41 21 70
33 13 46
11 37 57
56 24 93
49 0 59
42 28 74
45 55 109
49 23 84
21 9 44
21 61 82
41 61 115
1 45 50
52 23 81
18 35 65
33 59 96
11 38 59
45 0 53
32 16 52
53 22 75
54 28 89
15 29 57
15 53 76
53 27 85
4 37 50
19 59 90
6 31 47
57 52 121
43 57 105
39 40 88
21 30 53
20 35 56
27 4 44
34 0 37
26 13 49
24 13 44
31 9 48
20 61 83
26 32 65
16 1 23
27 36 64
34 5 51
19 60 87
2 37 45
42 55 98
1 52 53
57 57 124
37 18 68
6 56 66
49 37 98
58 11 73
46 13 65
6 29 39
61 49 118
40 47 89
30 16 50
8 7 15
17 31 58
3 49 58
20 37 59
4 1 17
28 48 79
51 27 87
43 39 92
20 50 79
49 21 80
59 4 69
8 53 64
5 5 19
24 1 25
38 59 107
34 8 43
28 36 77
25 20 52
17 23 50
45 52 107
36 41 85
50 24 78
52 51 111
18 51 70
28 2 30
2 23 26
18 24 50
43 23 79
53 53 107
1 59 70
39 60 107
61 17 92
55 4 67
42 53 103
37 1 42
39 15 58
34 41 88
31 36 72
59 22 81
45 50 96
42 28 70
17 35 61
46 16 75
10 18 32
14 25 48
57 60 131
7 8 20
1 42 51
34 44 91
48 50 107
12 14 39
9 40 50
57 18 80
15 30 53
25 54 79
57 51 122
54 16 72
14 59 87
18 6 32
13 7 30
37 56 103
20 6 31
28 11 39
3 54 66
60 56 125
13 16 33
33 60 103
61 49 124
45 32 82
31 61 96
26 23 55
59 40 110
54 17 76
14 23 50
10 6 29
4 36 42
43 26 82
30 45 80
12 54 76
58 25 91
3 46 63
14 57 76
16 15 33
58 52 114
53 1 64
51 42 98
51 1 64
35 18 57
6 8 28
24 35 62
48 56 112
10 34 48
49 25 75
46 10 58
36 3 52
23 25 52
27 5 41
41 26 70
53 53 115
11 50 66
