300
16 20 48
16 65 93
9 55 72
20 64 92
8 32 41
29 8 51
63 36 105
4 11 25
7 60 68
63 20 92
70 73 150
51 38 98
39 57 98
57 24 97
64 10 88
42 47 98
26 60 89
75 0 83
58 24 82
8 56 65
45 65 126
50 44 100
26 33 59
58 74 147
16 9 33
73 10 89
15 22 43
21 5 38
58 6 77
36 2 51
41 58 110
36 73 124
14 31 56
68 33 111
57 44 102
47 40 100
2 25 39
60 4 67
44 36 96
54 20 75
47 22 74
70 65 137
43 73 122
38 33 78
26 63 96
74 63 142
34 22 64
13 73 95
69 53 122
54 25 84
33 36 76
71 46 132
11 65 76
13 56 74
61 42 113
61 17 89
7 65 77
41 63 111
24 70 97
32 31 66
15 36 64
24 46 80
75 32 107
27 41 74
39 57 100
70 42 116
5 26 32
64 70 148
72 57 140
14 14 35
3 68 85
50 51 113
57 33 92
16 42 66
30 24 66
38 10 62
6 54 64
51 51 117
52 15 72
38 18 59
28 16 46
57 51 118
25 22 53
23 44 81
3 16 21
68 28 111
26 42 76
56 38 104
7 12 27
40 19 68
48 68 131
38 8 51
18 42 63
35 9 53
57 48 106
4 33 51
5 4 9
6 33 51
25 56 90
65 52 119
50 66 132
8 53 73
66 17 92
39 2 55
31 69 107
50 13 77
31 15 51
72 53 132
49 12 72
69 20 93
57 31 95
48 0 49
9 69 87
45 11 69
29 72 114
72 43 123
25 62 98
22 25 56
31 10 52
47 50 102
2 47 57
24 44 77
74 66 155
29 70 107
54 27 97
52 62 129
18 65 87
73 2 91
45 28 85
12 4 26
52 28 81
27 65 103
44 21 75
52 5 58
45 72 127
63 14 86
52 55 115
31 17 50
61 25 86
52 64 117
8 26 37
40 60 116
52 27 80
63 36 106
64 42 115
10 18 28
14 26 50
44 8 68
11 39 61
6 10 21
11 54 66
42 33 76
13 71 88
59 9 73
10 19 45
33 10 54
13 58 75
18 66 87
68 42 122
31 58 93
42 10 63
67 54 122
70 53 123
44 52 102
25 37 70
31 26 67
6 7 28
64 43 108
4 58 75
11 7 19
34 50 100
61 58 119
35 41 86
57 25 82
48 67 122
73 61 134
17 51 73
26 27 69
20 36 67
55 67 132
24 30 57
36 55 102
30 15 54
48 42 90
20 0 26
57 36 93
64 11 85
51 59 115
34 38 81
69 39 110
75 32 116
54 45 109
58 19 80
55 24 87
39 31 78
54 3 58
36 6 54
13 14 38
60 68 141
61 68 140
41 18 59
51 18 70
72 68 149
18 25 43
20 8 30
34 72 107
40 28 76
70 12 86
63 8 79
44 35 94
27 48 76
65 6 79
72 27 105
40 55 99
7 21 33
7 15 35
38 29 73
38 28 82
26 22 55
11 40 56
69 16 90
52 20 74
74 17 105
14 5 28
74 31 117
18 46 79
59 45 113
28 17 53
30 47 88
9 15 27
42 23 73
33 13 62
4 5 22
26 26 67
72 50 136
20 32 53
26 45 73
30 50 88
41 26 81
61 62 134
18 41 63
33 11 54
2 53 60
75 55 136
19 27 50
73 54 137
40 28 68
27 32 59
9 56 70
57 5 75
19 54 84
27 14 47
27 24 61
19 27 61
51 42 95
11 31 47
43 21 79
29 56 95
57 68 134
14 63 84
5 73 85
14 24 53
34 23 63
30 59 92
34 20 66
44 11 55
46 30 76
6 41 49
5 17 33
4 31 37
6 15 37
41 63 106
71 49 121
25 74 107
64 49 125
47 39 90
47 70 126
38 68 108
23 4 33
15 14 34
31 61 103
61 32 108
10 72 94
10 50 64
34 34 75
50 54 106
52 34 97
62 22 95
3 24 38
39 18 60
4 53 73
26 20 61
66 1 67
70 10 87
62 69 143
41 23 79
14 14 30
75 36 127
14 25 52
46 72 121
