350
53 46 107
28 32 60
21 30 62
7 13 34
53 55 120
54 42 98
6 44 54
15 26 47
72 48 125
9 45 59
64 22 91
76 33 122
55 65 128
78 25 115
12 72 100
54 4 66
72 9 90
67 4 71
30 0 30
68 83 168
64 48 123
6 67 81
13 31 60
62 8 84
81 19 113
77 31 115
72 73 146
12 79 95
39 70 122
86 73 160
44 8 64
21 32 59
83 64 149
52 7 65
32 64 105
68 25 94
18 10 42
49 13 67
67 4 80
65 66 141
76 34 113
81 70 161
55 12 69
24 70 110
45 53 104
40 24 68
43 66 121
68 44 120
87 68 159
57 5 77
24 23 62
65 32 109
37 16 57
43 69 114
20 24 58
62 73 142
5 23 30
84 36 120
73 4 86
12 36 52
18 61 85
30 36 82
8 45 54
50 72 136
8 84 97
64 71 149
71 77 159
17 33 64
8 44 64
33 17 51
71 73 147
13 72 93
65 25 92
44 42 93
27 16 45
6 68 87
74 45 134
31 81 123
26 35 65
6 11 24
43 12 68
22 20 43
1 11 26
23 21 44
53 31 90
84 32 125
32 73 116
16 17 50
3 41 56
45 84 134
75 63 154
78 23 114
63 31 95
9 84 107
8 54 64
33 37 82
22 83 105
43 2 48
36 24 66
9 5 21
71 41 129
14 39 57
25 22 50
4 6 13
1 27 29
67 13 87
42 29 76
22 29 58
2 25 36
64 10 74
43 31 90
20 10 45
14 67 94
29 55 91
74 49 135
57 70 139
19 24 44
83 83 179
4 68 77
84 83 180
45 13 72
53 77 132
68 40 117
52 54 116
75 69 153
14 46 73
41 70 117
73 85 167
57 24 83
19 80 103
12 23 51
67 60 131
38 37 91
30 13 59
59 36 108
68 47 124
56 83 156
47 84 131
20 30 55
69 19 89
36 80 127
80 5 97
11 13 33
75 14 95
47 13 63
61 27 92
62 25 102
51 78 138
39 74 130
60 84 144
50 85 138
20 85 106
1 11 25
22 9 31
82 40 136
9 36 53
66 31 111
78 26 105
65 80 162
46 3 61
79 67 150
40 25 72
52 50 105
50 64 123
50 36 88
25 45 85
52 56 119
59 81 149
68 46 127
54 15 86
85 25 120
73 13 103
49 47 103
70 0 79
71 0 88
13 20 49
48 51 112
79 2 98
48 67 119
19 57 90
25 9 35
79 64 159
11 84 97
35 13 63
71 70 152
82 57 153
36 50 89
4 84 101
68 33 105
28 10 51
5 0 19
44 79 132
20 47 73
30 75 114
52 33 102
72 2 78
55 78 148
28 77 106
51 57 118
58 79 138
17 52 82
43 39 87
46 38 97
30 38 73
1 57 64
9 33 58
52 65 133
29 21 53
39 63 119
36 13 51
52 63 132
85 14 105
53 53 120
22 20 45
40 74 117
36 10 55
12 57 69
47 67 115
75 35 110
31 18 65
16 73 99
26 63 91
39 40 93
71 57 133
72 63 141
29 76 114
51 17 74
14 19 44
41 86 128
37 54 99
5 53 71
23 45 69
24 83 107
36 75 118
76 78 168
55 16 82
78 15 95
1 61 72
64 21 85
7 83 106
44 15 60
62 42 109
13 45 67
51 21 76
33 22 67
66 29 100
14 70 87
87 14 116
72 43 128
1 14 21
36 17 55
37 25 72
71 54 133
61 16 84
62 72 144
66 53 126
37 11 63
35 60 97
23 33 65
41 16 66
23 7 36
71 21 100
48 58 116
3 78 92
61 41 118
56 13 84
29 80 110
54 23 77
69 25 101
80 48 132
65 9 75
57 62 131
52 45 100
21 57 95
81 44 125
10 33 43
19 65 92
8 3 18
4 54 70
66 60 136
1 48 65
9 68 91
68 58 130
58 36 105
15 28 57
51 48 116
45 77 129
47 11 66
33 45 84
8 28 39
44 65 125
18 78 103
5 24 33
75 86 175
13 64 93
78 39 124
46 73 121
52 70 130
86 28 131
81 61 146
49 54 105
36 85 138
2 47 60
61 14 85
9 56 74
22 64 90
22 58 80
73 37 125
4 84 91
25 69 95
23 36 65
40 53 99
22 69 100
83 15 106
85 7 101
28 39 84
24 48 88
78 54 138
77 8 95
17 10 44
75 62 145
16 25 53
29 17 51
55 8 74
24 52 90
45 6 63
4 14 18
19 77 101
26 78 106
71 83 154
9 44 66
57 15 78
54 29 86
33 83 132
10 85 111
8 59 72
39 48 87
72 25 100
80 79 168
23 13 43
20 58 84
35 33 76
68 1 80
18 17 49
20 17 48
18 9 44
86 25 112
69 43 117
9 5 29
14 15 37
