400
4 5 11
80 80 164
32 77 124
3 82 96
26 6 46
50 33 98
56 86 148
38 37 81
66 71 155
45 22 86
37 9 61
81 34 124
21 90 130
75 33 122
9 67 87
88 83 171
5 90 108
86 9 97
33 56 108
22 9 46
85 16 109
97 27 136
89 40 131
96 27 124
41 63 113
20 88 115
72 98 178
28 50 80
37 47 92
37 83 137
25 60 100
53 38 107
41 6 65
63 12 90
41 62 108
8 35 59
14 46 62
21 4 42
68 16 96
47 42 99
47 34 99
23 8 32
71 85 161
96 68 166
75 98 188
53 85 140
73 13 103
29 99 144
98 61 166
49 66 120
74 99 186
2 94 110
52 51 103
58 10 85
26 13 54
2 58 72
65 6 90
53 89 153
24 90 132
43 94 139
2 40 60
27 72 115
56 76 147
21 52 87
18 44 68
39 27 78
34 47 82
26 36 63
84 49 145
12 3 31
36 63 99
54 39 110
86 23 118
70 87 162
59 69 132
14 52 83
80 18 113
30 67 111
69 76 149
30 80 111
37 97 144
33 2 46
73 35 125
52 34 92
95 77 174
53 21 78
90 86 176
12 97 109
57 77 135
67 44 128
20 11 48
53 84 151
75 39 132
39 22 75
30 40 88
78 1 93
20 34 73
94 19 117
11 30 43
37 68 123
98 62 178
54 30 98
76 61 138
58 63 126
54 43 112
27 98 136
77 16 98
68 81 158
44 55 113
57 99 156
69 11 95
67 7 84
88 48 142
25 41 74
48 54 112
82 51 138
96 56 166
96 69 171
24 76 117
78 28 106
78 59 154
54 80 136
32 63 97
12 95 125
27 58 87
49 87 138
24 42 84
94 45 140
13 47 61
30 0 32
1 18 23
6 44 60
58 82 149
20 82 114
88 73 178
68 97 174
61 99 163
97 78 194
33 82 115
37 87 133
90 34 141
74 57 141
78 1 97
84 15 112
16 64 85
18 69 89
47 79 134
50 11 74
48 31 90
83 8 97
74 78 164
97 10 121
22 67 93
97 56 169
70 91 172
95 64 168
71 95 174
58 13 74
75 49 133
16 88 106
74 58 146
38 48 91
88 28 122
58 69 135
86 32 129
38 29 68
14 39 58
58 93 159
84 53 144
52 77 129
55 91 163
42 56 104
31 29 65
38 69 112
68 60 140
47 61 118
64 51 120
92 53 153
27 47 76
60 15 78
91 42 140
100 92 207
54 84 139
83 62 153
11 97 110
28 35 82
25 32 74
17 81 115
46 24 85
52 83 139
66 26 101
40 32 85
36 15 57
72 50 131
71 68 157
43 95 155
29 25 66
100 81 183
26 23 61
19 18 51
25 14 39
62 19 86
64 1 83
77 44 129
5 89 106
85 87 187
93 70 163
6 93 105
26 37 77
81 4 103
99 40 158
23 35 67
84 20 108
93 15 121
100 3 120
23 66 96
12 48 65
100 56 173
99 40 150
31 93 125
45 28 86
57 55 126
49 26 94
89 5 95
84 43 136
61 19 94
19 72 99
87 10 98
91 10 107
54 57 128
77 48 142
61 8 87
28 60 95
50 87 142
83 78 173
42 55 109
80 60 145
29 72 103
85 23 123
2 69 75
84 22 107
8 39 61
31 11 53
40 5 64
66 76 153
99 4 114
63 20 93
8 21 38
36 28 75
18 77 98
54 84 146
26 6 46
32 74 111
93 45 145
22 45 72
93 24 127
77 49 134
97 85 199
41 17 73
63 62 137
95 88 184
50 17 83
56 65 126
25 51 78
62 23 95
4 51 72
55 68 123
47 49 110
96 69 170
4 71 89
65 2 78
99 47 161
8 72 90
16 0 35
36 9 56
43 70 125
22 65 90
64 18 88
77 25 104
76 38 132
1 45 46
12 12 24
57 4 77
76 39 120
68 32 115
59 13 86
55 1 59
29 96 133
33 48 98
40 28 80
81 58 156
68 59 131
68 78 148
62 11 82
18 36 64
58 82 153
76 34 111
82 69 158
22 78 114
79 18 104
40 64 118
55 78 148
39 20 59
55 88 149
3 10 24
77 73 157
18 50 82
2 41 56
89 9 111
7 20 32
14 73 87
67 30 100
50 76 133
24 17 56
74 0 76
20 31 61
60 67 136
38 9 54
12 99 116
72 34 125
40 1 60
92 10 121
52 6 73
8 0 12
52 82 138
1 47 62
76 48 137
7 1 20
23 88 130
51 62 125
14 63 86
60 77 155
23 15 55
54 28 82
91 24 129
43 94 139
50 93 157
84 18 121
57 88 149
49 19 80
100 94 203
92 28 138
32 31 72
67 26 107
5 95 118
59 48 123
76 22 100
67 22 101
95 15 126
1 17 19
38 59 112
11 37 58
44 61 107
72 41 129
7 26 36
25 85 118
96 58 163
13 15 29
72 94 166
60 99 169
88 45 136
2 69 79
62 47 119
68 76 156
21 37 61
96 7 114
99 61 174
8 70 93
14 25 57
17 43 63
52 23 81
91 56 166
61 55 120
25 39 80
80 4 103
49 64 127
62 86 164
86 54 141
86 93 180
50 51 113
86 3 98
33 81 126
14 63 77
64 50 123
64 39 106
21 69 95
47 68 123
70 32 104
96 54 164
2 70 80
90 85 193
10 22 45
17 20 39
55 11 79
17 40 70
59 10 71
15 86 103
67 75 142
37 70 125
54 10 69
