450
53 81 134
17 56 92
67 20 94
88 99 188
71 62 153
80 106 203
28 84 119
38 46 92
75 65 146
89 29 131
68 43 116
18 18 45
31 99 134
88 57 157
22 99 128
79 79 170
13 42 59
75 42 132
108 100 223
54 65 128
40 16 58
12 27 41
78 0 87
28 35 75
27 65 107
28 10 57
23 103 126
72 56 133
81 59 155
46 107 171
63 24 97
46 100 153
65 37 117
112 90 214
50 89 145
104 77 181
91 51 150
58 21 94
8 7 20
106 53 179
56 111 181
83 2 86
34 32 75
99 86 190
92 1 94
78 103 197
18 7 26
41 62 111
81 50 151
52 85 144
96 11 121
6 94 101
99 106 218
82 79 179
6 48 66
89 94 184
67 80 156
80 88 172
71 91 164
74 13 103
21 22 59
31 74 118
83 17 113
104 63 184
77 41 133
15 70 105
19 27 52
18 71 109
89 92 181
37 81 129
102 103 218
107 55 174
100 98 210
36 59 110
12 107 131
95 39 140
103 68 181
103 3 122
1 111 128
1 68 80
45 6 59
102 84 200
81 15 97
107 35 148
103 19 125
36 47 99
31 97 136
67 39 110
52 1 59
41 102 147
71 83 172
65 63 140
104 107 218
39 3 47
83 42 131
57 14 76
62 7 76
68 78 156
14 108 123
92 40 151
53 104 166
83 6 105
95 52 167
15 46 71
79 29 124
59 51 128
24 101 145
4 32 55
59 42 111
35 88 129
78 40 129
88 20 121
107 72 197
45 98 152
41 68 125
10 10 30
49 9 60
45 0 50
40 25 76
46 67 128
31 105 141
70 13 94
81 4 104
80 85 175
90 44 143
80 107 202
38 0 55
14 30 60
50 18 73
63 88 157
103 14 126
85 37 129
41 16 57
91 0 103
70 1 72
36 19 59
81 46 134
103 15 121
68 93 172
57 59 128
110 56 181
74 28 102
65 15 97
27 6 46
4 7 25
4 87 106
46 84 131
27 64 106
76 77 155
84 6 104
104 88 212
104 110 216
100 54 169
97 110 207
61 10 82
21 60 97
108 0 126
26 2 32
28 32 61
23 89 131
84 52 155
105 15 126
90 53 147
86 93 185
27 56 98
28 41 80
80 20 110
30 36 79
64 22 102
96 85 196
93 37 140
89 89 198
1 36 45
30 68 111
29 0 30
91 80 190
27 33 80
53 8 69
99 59 174
24 107 142
111 2 120
103 103 207
91 43 134
80 39 119
26 85 129
77 1 96
35 20 64
13 61 84
68 107 190
57 95 156
31 51 84
78 26 123
35 108 152
84 50 136
96 3 99
22 96 133
67 104 185
27 51 94
77 107 197
45 99 153
62 19 90
56 17 90
76 90 181
86 104 200
14 45 72
35 32 87
80 110 196
10 40 57
5 37 61
109 59 187
86 42 148
81 5 93
54 84 147
71 45 123
40 92 148
82 103 195
42 5 51
18 40 64
94 23 130
101 21 136
97 48 150
52 72 128
1 85 89
68 63 150
86 55 151
88 72 170
1 21 36
86 109 202
94 49 150
13 85 116
26 15 41
66 69 148
34 4 49
108 11 128
40 69 118
94 84 198
5 66 90
98 49 165
109 62 190
108 103 213
43 18 72
103 2 114
46 28 90
94 99 212
60 51 123
37 101 145
63 93 160
15 101 116
110 58 172
86 64 159
30 106 137
110 82 203
109 14 131
39 44 97
62 88 163
90 54 155
18 13 35
69 88 159
86 72 158
9 84 110
27 49 91
53 94 154
41 98 144
43 3 51
99 53 152
36 103 147
54 70 130
35 98 138
99 94 193
69 12 84
19 14 50
77 5 94
105 50 163
69 107 187
51 9 64
69 27 96
41 64 105
61 47 119
3 54 64
49 90 145
9 100 123
84 67 162
76 19 101
106 91 197
57 23 82
12 22 42
88 111 212
41 43 84
87 57 157
79 68 152
81 33 116
5 26 45
57 70 146
66 85 157
55 82 156
76 46 133
42 50 99
41 3 63
28 91 125
22 10 42
46 44 104
2 87 99
33 2 55
28 103 143
101 62 179
91 10 101
43 82 141
9 23 40
57 27 97
63 33 100
40 27 71
105 33 146
57 107 182
66 33 101
41 80 123
37 36 93
14 66 95
10 28 40
1 104 116
109 107 223
50 77 147
39 97 149
83 50 148
71 92 178
55 38 102
97 96 213
61 6 70
17 55 80
62 45 117
14 42 62
39 12 59
40 75 124
45 62 113
23 1 24
26 44 82
46 65 111
74 20 102
34 75 112
56 22 82
93 49 162
25 84 119
84 74 164
45 15 80
45 45 94
104 94 210
72 18 109
60 44 122
65 62 140
110 101 222
42 92 146
87 4 96
84 82 181
7 33 49
79 40 128
58 17 82
80 78 163
89 46 140
65 17 92
104 98 203
94 50 161
55 97 172
110 58 187
43 28 90
100 7 120
9 20 35
70 95 179
37 29 76
49 1 59
48 79 127
18 68 97
42 88 134
94 84 192
60 74 149
75 79 166
68 23 108
72 42 129
106 109 215
83 38 123
10 77 103
32 53 103
26 69 98
45 100 160
105 108 227
71 11 98
34 22 72
9 10 22
16 73 100
65 42 108
3 108 131
64 37 112
31 111 158
40 7 53
84 93 190
55 107 182
81 105 197
76 33 111
98 63 166
20 57 92
11 48 77
98 4 105
56 20 79
29 92 141
26 34 68
44 106 159
10 39 68
98 49 160
11 12 29
105 6 116
1 94 107
36 56 108
84 46 136
72 3 95
70 102 182
28 54 83
55 26 94
89 64 164
53 39 105
56 46 102
74 64 143
107 41 152
23 11 41
51 21 79
107 75 184
74 57 147
77 103 185
49 84 138
5 24 47
53 14 70
3 108 112
36 87 127
56 10 72
52 107 175
22 78 107
10 77 102
109 47 175
44 110 173
61 77 147
86 3 107
32 75 116
21 75 110
14 48 77
47 96 144
111 21 132
26 59 93
97 44 144
13 106 123
42 109 155
112 44 160
8 2 10
50 43 106
