500
109 69 187
77 121 219
5 81 106
79 66 157
91 83 178
35 115 155
87 74 162
106 18 143
26 74 102
27 38 80
111 119 239
32 104 142
105 105 210
46 41 103
78 7 91
114 117 237
115 123 239
115 43 166
49 112 166
61 110 178
37 50 107
105 15 140
47 107 157
107 35 144
97 88 185
25 0 27
68 116 184
119 101 228
115 8 142
80 11 99
19 105 144
113 72 198
11 44 61
5 37 47
31 9 52
61 53 128
63 8 71
2 84 93
55 65 128
16 72 92
19 17 42
11 9 25
29 65 115
90 82 175
28 65 114
71 23 110
62 104 167
94 113 221
124 11 138
79 87 173
95 123 235
36 88 132
57 33 105
81 62 159
64 22 89
16 84 114
77 87 183
32 66 113
109 91 200
75 59 138
71 68 159
65 22 89
117 118 253
121 2 136
41 96 143
29 104 141
37 2 42
119 15 135
73 103 190
112 108 235
12 35 58
104 61 186
52 108 160
119 37 170
106 122 248
37 70 116
16 109 129
2 76 81
110 8 138
58 66 131
74 55 148
95 72 177
85 33 125
85 111 200
29 45 91
117 44 166
28 35 67
94 7 111
99 21 127
11 60 84
57 33 94
110 75 189
57 64 126
26 121 151
17 101 138
104 98 211
88 61 160
99 20 140
72 38 112
105 81 191
86 51 156
5 13 29
91 30 131
56 8 68
125 60 186
40 84 139
19 65 94
88 60 157
29 111 148
56 106 169
22 104 143
50 87 154
106 20 139
25 20 46
60 85 159
109 91 200
54 49 121
57 107 176
96 49 154
29 78 116
125 115 247
82 120 213
92 73 185
78 124 205
38 85 134
73 36 113
41 12 72
106 123 246
15 89 119
12 36 68
112 89 202
23 12 50
10 78 104
37 102 152
16 99 134
18 51 89
96 25 141
28 12 48
101 102 220
125 92 231
69 46 121
36 16 60
45 32 87
98 71 176
79 79 175
13 94 121
85 122 209
3 57 67
69 116 194
63 43 126
122 102 242
22 9 51
83 102 189
99 44 148
105 85 196
63 21 95
106 98 205
77 53 134
114 114 237
12 45 78
77 107 197
65 58 131
62 113 187
42 32 95
47 42 92
27 75 115
102 73 182
85 69 172
124 4 139
87 94 194
6 24 49
66 40 109
90 87 181
42 86 133
56 69 140
95 2 100
59 116 187
111 2 128
95 93 204
95 0 107
48 45 97
93 3 105
13 45 72
38 109 168
73 5 88
10 14 45
118 84 204
25 78 123
17 61 96
88 69 170
8 96 121
67 3 73
8 114 136
120 47 173
48 28 88
15 83 103
118 122 241
99 23 141
34 45 93
73 123 203
63 4 80
110 80 192
72 59 131
95 119 214
99 116 222
115 13 133
46 72 129
75 32 116
11 107 123
17 77 111
100 100 215
114 113 232
95 86 195
78 74 166
74 11 88
61 92 154
48 23 87
84 33 134
36 49 95
71 44 133
12 118 132
66 22 94
12 5 25
38 21 69
55 34 101
16 20 46
119 124 264
43 92 154
116 32 158
106 13 136
24 67 111
117 110 246
91 90 187
29 107 139
15 64 81
52 45 117
29 103 145
40 31 72
17 37 72
12 7 29
33 81 117
31 102 148
103 90 209
63 124 195
9 28 39
81 6 106
113 73 201
121 8 145
65 120 186
2 74 96
25 57 97
62 105 186
89 44 141
19 21 58
124 65 210
42 91 148
60 76 157
7 14 42
32 76 110
48 88 146
124 118 255
34 20 58
122 109 232
101 16 118
117 33 165
5 88 108
84 106 196
40 14 68
106 37 159
89 52 146
90 53 155
68 116 185
20 98 127
2 53 72
117 95 230
60 107 171
35 10 60
57 115 182
56 16 86
31 54 85
9 67 96
114 25 150
108 16 133
6 104 113
80 17 103
71 78 160
110 121 242
16 26 50
118 100 236
68 74 142
77 98 175
48 86 143
94 3 104
10 44 71
57 81 159
55 121 197
125 20 154
97 26 134
30 56 97
118 65 193
68 26 102
87 8 104
63 52 116
8 92 110
16 109 125
65 118 201
5 9 35
57 74 133
23 22 55
104 11 119
111 49 163
8 68 88
28 37 82
92 66 166
20 35 56
31 105 157
34 4 48
87 7 107
116 22 141
69 42 124
30 80 113
16 91 128
25 78 105
31 21 60
5 14 38
26 77 110
87 39 141
78 27 116
100 39 160
94 9 114
18 25 43
105 66 175
108 92 209
67 12 89
62 81 161
16 72 90
78 102 187
15 39 58
8 12 33
98 69 188
53 123 181
31 96 139
64 76 147
7 116 124
57 21 84
36 54 90
106 59 168
14 101 119
71 47 118
125 71 202
63 109 175
41 87 142
43 21 83
26 72 110
26 63 107
100 24 145
105 46 163
102 80 201
87 116 215
66 124 192
72 84 170
31 57 98
20 75 116
23 68 92
49 9 74
3 78 90
112 122 250
6 55 62
86 10 109
112 24 143
37 96 140
12 51 77
23 97 138
32 25 64
11 80 99
59 17 92
105 114 224
111 105 221
5 33 55
39 18 69
7 120 139
48 64 123
107 109 226
1 111 118
64 54 127
50 49 118
14 10 39
74 14 106
106 121 228
62 100 183
13 74 104
35 56 103
70 105 175
19 86 116
82 24 106
52 2 67
18 72 93
71 15 92
1 65 80
100 26 145
82 102 204
97 29 130
10 119 150
67 31 106
88 70 163
62 96 165
75 40 127
29 26 74
58 75 135
7 12 32
51 8 68
2 118 120
3 110 130
114 67 181
6 21 30
11 64 95
87 20 123
25 71 106
91 74 181
65 15 88
85 14 104
12 90 111
71 106 179
94 88 191
102 59 176
59 89 165
103 10 128
76 50 136
31 77 117
47 25 79
16 22 56
97 75 187
16 11 46
49 22 78
112 35 147
62 118 182
49 79 148
48 6 69
45 104 169
16 54 91
19 46 83
56 26 94
48 104 166
63 109 188
10 49 70
38 114 154
74 99 190
122 70 209
29 61 95
66 64 145
124 60 197
91 40 137
98 35 147
73 27 105
13 88 121
106 83 190
67 15 89
28 53 98
65 29 97
61 18 83
100 23 128
42 80 139
12 107 130
116 53 182
124 50 188
36 52 96
47 28 75
43 62 125
2 118 124
117 48 167
39 107 158
72 43 118
27 78 113
76 104 198
13 78 104
97 99 214
41 112 170
111 21 136
30 70 116
38 74 133
104 67 187
34 50 102
81 30 116
7 15 34
81 109 203
70 31 108
70 41 123
105 84 207
71 110 188
117 38 161
82 123 206
93 3 117
121 70 197
14 46 62
30 86 134
106 6 124
103 20 141
119 44 179
88 99 205
18 55 94
