100
4 14 18
8 5 18
15 0 17
3 1 8
5 11 16
3 11 18
11 14 28
5 10 17
5 4 14
13 0 16
15 12 28
11 6 17
5 11 19
11 2 17
4 1 10
6 0 9
3 6 10
6 9 18
9 8 18
11 2 14
6 6 17
12 15 29
6 2 12
5 12 20
13 2 18
7 16 27
6 4 12
13 2 19
16 7 25
10 9 20
9 5 17
6 2 11
15 16 31
1 0 2
8 0 16
2 0 4
3 0 6
1 0 2
3 0 6
6 0 12
5 0 10
9 0 18
10 0 20
1 0 2
3 10 16
9 10 28
9 10 28
10 10 30
8 10 26
1 10 12
9 10 28
4 10 18
4 10 18
3 10 16
10 10 30
10 20 40
3 20 26
9 20 38
4 20 28
9 20 38
10 20 40
5 20 30
5 20 30
9 20 38
5 20 30
2 20 24
9 0 12
5 12 20
9 20 32
8 32 42
7 42 52
9 52 62
10 62 75
9 75 87
13 87 102
13 102 117
9 117 127
9 127 137
10 137 150
14 150 165
14 165 179
9 179 190
9 190 200
6 200 209
8 209 217
12 217 231
13 231 245
6 245 253
5 253 258
14 258 274
7 274 283
15 283 298
7 298 305
15 305 323
5 323 330
13 330 346
15 346 363
12 363 375
11 375 387
7 7 15
