150
19 22 43
6 10 21
10 9 22
21 3 25
7 18 28
21 17 39
7 8 17
7 24 32
19 3 27
15 6 23
17 9 28
13 7 24
7 3 13
13 10 26
22 7 33
19 13 34
19 11 34
8 2 12
5 0 6
8 14 25
24 7 34
24 10 37
23 25 48
9 16 26
24 14 41
8 17 27
17 7 25
7 0 8
5 16 26
15 4 20
21 8 30
20 15 37
11 22 37
7 19 28
20 15 40
13 8 23
25 23 53
7 21 28
11 6 19
8 24 34
7 10 17
17 11 32
21 17 38
11 25 36
24 1 28
22 3 27
5 11 21
16 5 24
8 22 34
19 15 36
9 0 18
5 0 10
5 0 10
10 0 20
3 0 6
9 0 18
4 0 8
1 0 2
8 0 16
3 0 6
7 0 14
5 0 10
4 0 8
1 0 2
1 0 2
3 0 6
1 10 12
3 10 16
1 10 12
3 10 16
8 10 26
2 10 14
6 10 22
5 10 20
7 10 24
3 10 16
7 10 24
8 10 26
10 10 30
10 10 30
1 10 12
5 10 20
6 20 32
1 20 22
3 20 26
1 20 22
6 20 32
7 20 34
9 20 38
9 20 38
2 20 24
3 20 26
6 20 32
3 20 26
9 20 38
4 20 28
5 20 30
7 20 34
13 0 14
11 14 25
15 25 42
12 42 56
10 56 69
12 69 81
13 81 97
12 97 109
13 109 123
5 123 128
14 128 144
11 144 157
6 157 164
7 164 171
8 171 181
6 181 190
5 190 197
13 197 210
12 210 225
8 225 234
15 234 250
7 250 258
11 258 271
15 271 286
15 286 302
14 302 318
6 318 326
14 326 342
8 342 351
6 351 357
14 357 371
10 371 382
15 382 399
5 399 404
15 404 420
5 420 426
9 426 435
11 435 446
7 446 455
6 455 463
8 463 473
9 473 482
11 482 493
7 493 502
14 502 518
13 518 534
14 534 550
7 550 560
9 560 569
6 569 578
6 7 13
8 0 10
