200
20 1 26
7 17 27
11 32 46
22 25 48
8 0 10
22 32 55
30 11 46
8 1 11
8 15 27
20 19 42
16 1 21
18 21 41
14 13 31
8 10 20
14 8 23
23 22 48
20 15 38
20 33 53
9 28 40
6 8 15
9 30 44
28 9 39
30 15 46
25 24 54
31 12 44
25 0 26
24 9 36
32 11 47
10 31 46
25 1 28
32 1 36
29 17 50
28 31 61
9 9 21
18 11 31
8 6 17
6 7 18
27 0 28
27 1 32
16 14 33
22 24 46
21 4 30
12 15 28
8 29 40
21 32 56
33 25 62
14 7 26
33 29 66
26 11 42
8 7 19
12 2 18
9 19 32
32 2 35
8 29 41
18 6 29
22 23 45
12 8 24
25 25 52
23 3 31
28 9 40
6 2 12
33 22 60
17 0 18
9 3 14
20 32 56
21 11 33
3 0 6
10 0 20
9 0 18
3 0 6
7 0 14
2 0 4
4 0 8
1 0 2
1 0 2
7 0 14
3 0 6
6 0 12
3 0 6
4 0 8
4 0 8
10 0 20
7 0 14
9 0 18
8 0 16
2 0 4
1 0 2
3 0 6
10 10 30
4 10 18
2 10 14
4 10 18
2 10 14
4 10 18
9 10 28
1 10 12
2 10 14
10 10 30
10 10 30
3 10 16
5 10 20
5 10 20
4 10 18
4 10 18
6 10 22
6 10 22
5 10 20
10 10 30
1 10 12
9 10 28
4 20 28
6 20 32
10 20 40
7 20 34
4 20 28
4 20 28
9 20 38
7 20 34
5 20 30
4 20 28
2 20 24
5 20 30
3 20 26
4 20 28
1 20 22
1 20 22
4 20 28
5 20 30
8 20 36
5 20 30
7 20 34
9 20 38
5 0 8
9 8 19
15 19 35
9 35 47
9 47 57
5 57 62
10 62 72
14 72 87
9 87 98
9 98 107
5 107 113
7 113 121
10 121 133
14 133 148
8 148 158
9 158 170
6 170 177
14 177 194
15 194 212
8 212 222
6 222 229
12 229 242
15 242 258
15 258 276
9 276 286
14 286 302
9 302 314
5 314 319
8 319 327
10 327 338
5 338 344
13 344 360
13 360 375
15 375 391
12 391 403
6 403 411
8 411 422
10 422 432
11 432 443
10 443 456
9 456 465
5 465 470
5 470 475
13 475 491
11 491 503
7 503 512
12 512 525
14 525 542
13 542 557
8 557 568
14 568 583
11 583 597
10 597 608
7 608 615
15 615 633
9 633 643
12 643 656
12 656 668
9 668 678
7 678 687
14 687 701
10 701 713
7 713 721
15 721 738
9 738 749
14 749 766
6 3 12
10 4 18
