250
22 40 63
41 20 62
13 8 22
24 33 59
32 38 74
10 29 41
20 33 58
10 39 54
22 9 33
22 7 32
40 25 69
11 23 36
30 17 50
27 19 48
26 14 43
34 33 69
12 36 53
27 28 56
34 13 48
30 27 62
11 9 24
10 22 35
40 32 72
29 12 46
24 7 32
23 21 47
14 40 57
23 34 61
36 33 73
35 1 41
16 32 50
35 21 60
28 3 36
10 15 29
39 10 53
14 27 45
34 36 71
10 6 17
20 37 61
37 14 56
24 31 55
27 16 47
36 33 71
25 11 41
30 1 34
8 6 18
35 14 54
22 8 31
23 11 36
24 24 52
30 19 50
9 10 21
15 1 21
19 30 52
16 14 31
22 31 57
41 25 69
26 37 66
9 37 50
41 34 77
30 1 31
29 21 50
39 30 69
26 27 58
26 39 70
36 28 68
36 38 76
22 38 64
40 16 59
20 36 58
22 6 31
23 12 35
28 38 67
31 15 46
33 1 37
25 23 48
19 30 54
26 39 70
35 36 73
8 1 12
19 16 40
11 17 28
26 29 60
9 0 18
10 0 20
6 0 12
2 0 4
4 0 8
6 0 12
1 0 2
1 0 2
4 0 8
8 0 16
10 0 20
8 0 16
10 0 20
8 0 16
4 0 8
10 0 20
9 0 18
9 0 18
5 0 10
10 0 20
8 0 16
9 0 18
7 0 14
9 0 18
9 0 18
6 0 12
5 0 10
8 10 26
3 10 16
3 10 16
3 10 16
2 10 14
10 10 30
4 10 18
8 10 26
1 10 12
5 10 20
8 10 26
2 10 14
9 10 28
6 10 22
2 10 14
4 10 18
5 10 20
10 10 30
2 10 14
4 10 18
10 10 30
4 10 18
1 10 12
5 10 20
6 10 22
5 10 20
10 10 30
5 20 30
6 20 32
7 20 34
4 20 28
1 20 22
4 20 28
8 20 36
2 20 24
6 20 32
7 20 34
5 20 30
4 20 28
5 20 30
2 20 24
10 20 40
2 20 24
5 20 30
9 20 38
4 20 28
8 20 36
9 20 38
5 20 30
10 20 40
2 20 24
4 20 28
4 20 28
3 20 26
6 0 7
6 7 13
14 13 29
6 29 38
15 38 56
10 56 68
8 68 76
14 76 91
15 91 106
7 106 113
6 113 121
8 121 131
10 131 141
14 141 157
10 157 167
15 167 184
6 184 191
13 191 206
6 206 213
13 213 227
5 227 235
7 235 243
5 243 249
9 249 261
10 261 272
14 272 287
11 287 298
12 298 313
10 313 323
10 323 333
15 333 351
14 351 366
12 366 380
7 380 388
12 388 400
10 400 412
9 412 422
6 422 431
11 431 444
12 444 457
10 457 470
7 470 480
12 480 495
13 495 511
9 511 520
8 520 530
7 530 538
10 538 550
13 550 565
6 565 571
12 571 586
15 586 604
11 604 616
7 616 624
9 624 636
15 636 654
5 654 662
14 662 679
15 679 697
5 697 703
12 703 716
9 716 727
15 727 745
7 745 753
11 753 766
15 766 782
9 782 793
7 793 803
7 803 810
10 810 823
8 823 834
8 834 843
12 843 858
6 858 864
14 864 878
9 878 890
14 890 906
7 906 916
8 916 924
10 924 934
14 934 950
5 950 955
10 955 968
4 8 13
5 8 14
3 10 15
