300
24 39 64
43 41 89
15 29 45
44 17 62
26 24 52
34 47 85
12 20 34
44 24 73
22 47 71
50 48 103
12 18 32
50 16 69
24 34 62
24 14 40
45 38 83
42 17 61
13 50 68
32 34 69
29 17 50
28 24 54
36 45 86
14 19 34
29 4 34
36 18 59
32 18 54
13 31 47
12 41 53
42 21 68
31 2 34
26 12 41
25 49 77
16 25 45
44 42 90
25 10 40
38 23 63
37 12 53
18 6 29
37 24 65
30 19 53
12 36 52
41 27 69
16 15 32
45 46 95
36 23 64
12 40 52
22 25 51
39 42 83
26 20 51
48 8 59
29 15 48
38 5 48
27 17 45
32 20 54
10 15 29
37 28 66
45 1 48
24 10 39
44 21 68
25 23 49
26 40 70
32 34 69
11 28 42
17 46 67
21 25 48
18 10 28
24 30 54
43 21 64
28 36 69
11 48 64
43 19 66
32 29 63
31 29 64
41 25 69
28 27 57
44 15 62
44 3 47
28 29 58
38 40 78
38 10 51
45 45 92
45 22 72
24 48 77
42 27 71
22 10 35
44 34 79
24 11 37
25 10 40
30 26 61
33 12 48
35 6 46
27 40 71
21 32 56
28 29 59
37 37 75
45 15 64
10 19 33
21 28 50
13 24 42
44 14 58
28 11 42
3 0 6
1 0 2
4 0 8
2 0 4
1 0 2
4 0 8
4 0 8
7 0 14
5 0 10
1 0 2
9 0 18
1 0 2
5 0 10
2 0 4
6 0 12
8 0 16
8 0 16
10 0 20
1 0 2
10 0 20
4 0 8
5 0 10
8 0 16
5 0 10
9 0 18
6 0 12
8 0 16
1 0 2
5 0 10
6 0 12
1 0 2
6 0 12
8 0 16
10 10 30
4 10 18
5 10 20
4 10 18
2 10 14
4 10 18
9 10 28
1 10 12
2 10 14
6 10 22
8 10 26
1 10 12
10 10 30
10 10 30
10 10 30
4 10 18
3 10 16
5 10 20
6 10 22
2 10 14
7 10 24
9 10 28
3 10 16
2 10 14
3 10 16
9 10 28
4 10 18
8 10 26
9 10 28
7 10 24
3 10 16
4 10 18
4 10 18
4 20 28
8 20 36
5 20 30
9 20 38
8 20 36
8 20 36
8 20 36
10 20 40
3 20 26
6 20 32
9 20 38
9 20 38
5 20 30
2 20 24
3 20 26
3 20 26
3 20 26
6 20 32
6 20 32
2 20 24
8 20 36
6 20 32
6 20 32
8 20 36
7 20 34
1 20 22
5 20 30
3 20 26
10 20 40
9 20 38
7 20 34
5 20 30
6 20 32
11 0 11
8 11 19
12 19 32
9 32 42
11 42 54
15 54 69
15 69 87
12 87 99
6 99 106
15 106 122
10 122 134
14 134 151
8 151 161
5 161 166
11 166 180
14 180 195
8 195 206
14 206 223
11 223 237
8 237 248
15 248 263
14 263 280
12 280 295
15 295 312
14 312 327
9 327 336
11 336 347
11 347 361
13 361 377
5 377 384
15 384 402
10 402 413
5 413 420
5 420 427
6 427 436
10 436 447
7 447 455
15 455 472
12 472 486
8 486 497
10 497 507
11 507 521
15 521 536
7 536 545
7 545 552
12 552 567
13 567 580
8 580 589
6 589 598
9 598 610
8 610 621
14 621 635
9 635 645
12 645 657
14 657 672
12 672 685
10 685 695
14 695 712
14 712 727
12 727 740
11 740 753
14 753 768
5 768 776
12 776 790
7 790 799
14 799 814
5 814 821
9 821 830
11 830 842
12 842 854
7 854 864
9 864 874
11 874 888
7 888 898
8 898 908
15 908 925
6 925 931
8 931 939
14 939 953
9 953 963
8 963 973
10 973 984
8 984 995
15 995 1010
13 1010 1024
11 1024 1035
9 1035 1045
6 1045 1053
9 1053 1065
8 1065 1076
7 1076 1083
15 1083 1099
5 1099 1104
9 1104 1116
5 1116 1122
12 1122 1137
11 1137 1149
9 1149 1160
11 1160 1173
15 1173 1189
8 7 20
