350
25 49 79
44 58 107
16 31 48
45 55 102
27 16 46
35 36 75
13 12 27
45 16 66
57 39 98
53 56 114
23 52 75
51 27 80
13 55 70
51 41 92
25 20 49
25 48 73
46 8 54
43 34 80
14 36 52
33 42 80
30 26 59
29 9 42
37 16 55
15 53 73
30 46 81
37 25 63
33 10 48
14 26 44
55 39 97
13 46 60
43 26 74
32 45 77
53 7 63
27 57 87
26 17 47
17 50 71
45 18 68
26 15 43
39 4 47
38 14 57
19 32 55
38 27 69
31 44 79
13 56 74
42 19 62
17 23 41
46 54 104
37 31 73
13 48 61
23 58 82
40 50 92
27 28 60
49 54 105
30 7 40
39 30 73
28 3 36
33 25 59
11 55 68
38 7 49
54 36 91
46 7 55
25 18 48
58 13 74
45 31 77
26 48 78
57 42 102
27 20 50
33 54 91
12 17 31
18 18 36
22 38 60
19 58 77
25 44 74
44 56 105
29 11 44
12 52 66
58 21 83
44 33 80
33 19 54
32 23 58
42 5 47
29 21 51
45 32 77
45 18 66
29 37 68
39 14 58
39 56 100
46 19 67
46 18 67
25 26 52
43 3 48
23 18 46
45 52 97
25 4 32
26 14 45
57 45 104
31 6 38
34 40 77
53 21 76
36 55 92
28 23 55
22 27 53
57 20 78
29 16 50
38 22 60
46 50 99
11 6 21
52 36 91
52 30 86
22 34 57
14 52 66
53 16 71
45 1 46
29 27 60
36 5 45
28 31 61
6 0 12
2 0 4
5 0 10
1 0 2
5 0 10
8 0 16
5 0 10
7 0 14
6 0 12
4 0 8
1 0 2
2 0 4
3 0 6
1 0 2
4 0 8
10 0 20
9 0 18
5 0 10
3 0 6
6 0 12
7 0 14
5 0 10
8 0 16
8 0 16
3 0 6
5 0 10
5 0 10
4 0 8
9 0 18
6 0 12
10 0 20
3 0 6
3 0 6
5 0 10
7 0 14
2 0 4
9 0 18
1 0 2
10 10 30
1 10 12
3 10 16
9 10 28
8 10 26
8 10 26
3 10 16
1 10 12
8 10 26
2 10 14
2 10 14
8 10 26
10 10 30
2 10 14
4 10 18
1 10 12
4 10 18
2 10 14
6 10 22
8 10 26
6 10 22
9 10 28
9 10 28
5 10 20
9 10 28
3 10 16
9 10 28
10 10 30
8 10 26
8 10 26
3 10 16
8 10 26
9 10 28
1 10 12
10 10 30
7 10 24
3 10 16
10 10 30
8 20 36
3 20 26
9 20 38
8 20 36
1 20 22
8 20 36
8 20 36
1 20 22
8 20 36
3 20 26
6 20 32
8 20 36
7 20 34
8 20 36
4 20 28
6 20 32
3 20 26
8 20 36
8 20 36
5 20 30
3 20 26
5 20 30
4 20 28
2 20 24
4 20 28
6 20 32
10 20 40
2 20 24
9 20 38
5 20 30
6 20 32
6 20 32
4 20 28
8 20 36
5 20 30
5 20 30
9 20 38
4 20 28
9 0 9
9 9 20
5 20 25
8 25 34
8 34 43
7 43 51
14 51 65
15 65 80
8 80 90
7 90 100
8 100 111
12 111 124
15 124 141
12 141 155
12 155 170
12 170 185
14 185 199
11 199 211
10 211 222
6 222 231
7 231 240
12 240 254
5 254 262
12 262 276
14 276 292
14 292 306
11 306 319
5 319 327
14 327 344
8 344 355
5 355 361
6 361 367
13 367 380
7 380 389
6 389 398
11 398 411
7 411 420
9 420 432
5 432 437
13 437 453
13 453 469
9 469 481
12 481 495
7 495 504
6 504 511
13 511 524
13 524 538
6 538 546
14 546 561
9 561 571
9 571 581
9 581 591
7 591 598
7 598 608
13 608 623
12 623 635
6 635 642
10 642 655
12 655 670
15 670 686
13 686 700
10 700 712
6 712 721
11 721 734
8 734 742
11 742 756
6 756 763
7 763 773
5 773 780
5 780 788
10 788 799
9 799 808
11 808 822
8 822 830
12 830 845
9 845 857
15 857 875
9 875 884
15 884 902
15 902 920
15 920 937
12 937 951
5 951 959
9 959 970
5 970 977
6 977 985
11 985 997
14 997 1014
12 1014 1029
11 1029 1040
6 1040 1046
7 1046 1056
7 1056 1066
5 1066 1071
5 1071 1077
13 1077 1090
8 1090 1099
12 1099 1113
10 1113 1123
10 1123 1133
6 1133 1141
13 1141 1157
5 1157 1164
9 1164 1173
8 1173 1182
10 1182 1192
6 1192 1200
6 1200 1209
8 1209 1219
11 1219 1232
8 1232 1241
15 1241 1258
11 1258 1271
13 1271 1287
9 1287 1299
6 1299 1305
5 4 10
1 8 14
9 2 15
4 0 7
