400
27 65 96
46 32 80
18 59 78
61 48 111
47 34 83
29 32 64
37 12 53
15 2 19
47 44 93
59 27 90
55 1 60
25 8 35
53 43 96
15 3 19
53 12 66
62 2 69
27 34 65
27 47 77
48 38 87
45 37 87
16 4 23
35 65 103
32 18 50
64 51 119
31 7 40
39 4 47
17 22 44
32 40 76
39 35 78
35 52 91
16 59 80
57 36 94
15 31 47
45 66 115
34 39 78
66 66 136
55 41 100
29 40 74
28 15 46
19 50 74
47 23 71
28 36 66
41 1 46
40 55 98
21 26 52
40 41 84
33 65 100
15 22 37
44 35 82
19 66 89
48 9 59
39 26 65
15 54 69
25 50 75
42 52 99
29 64 98
51 3 58
32 44 78
41 13 58
30 41 74
35 11 48
13 41 59
40 54 95
56 24 80
48 41 91
27 6 38
60 64 129
47 11 60
28 26 57
59 41 105
29 8 37
35 27 67
14 42 61
20 25 49
24 11 37
21 48 72
27 8 36
62 31 97
46 35 85
31 8 44
14 58 76
60 44 107
46 2 52
35 28 66
34 26 60
44 1 45
31 8 41
47 35 86
47 41 93
31 47 81
41 61 106
41 48 92
48 39 92
48 42 91
27 39 69
45 65 115
65 54 122
25 12 40
47 30 77
27 47 77
28 53 82
59 9 71
33 52 88
36 63 104
55 37 95
38 6 48
30 63 96
24 28 54
59 27 86
64 43 112
31 11 44
40 4 48
48 1 53
64 1 66
64 48 113
13 38 52
64 23 91
54 6 63
54 41 96
24 53 79
16 52 68
55 1 59
47 55 106
31 34 65
62 41 103
38 25 68
30 63 93
22 61 88
65 1 70
34 1 35
38 66 106
46 42 93
62 12 78
3 0 6
8 0 16
10 0 20
3 0 6
8 0 16
9 0 18
7 0 14
9 0 18
5 0 10
6 0 12
2 0 4
3 0 6
4 0 8
5 0 10
3 0 6
3 0 6
2 0 4
2 0 4
3 0 6
5 0 10
7 0 14
7 0 14
6 0 12
5 0 10
8 0 16
1 0 2
10 0 20
2 0 4
10 0 20
9 0 18
2 0 4
4 0 8
1 0 2
8 0 16
5 0 10
5 0 10
8 0 16
2 0 4
9 0 18
4 0 8
1 0 2
3 0 6
8 0 16
4 0 8
4 10 18
9 10 28
4 10 18
10 10 30
2 10 14
7 10 24
6 10 22
1 10 12
4 10 18
10 10 30
1 10 12
3 10 16
3 10 16
4 10 18
6 10 22
3 10 16
6 10 22
7 10 24
8 10 26
8 10 26
4 10 18
8 10 26
1 10 12
10 10 30
5 10 20
8 10 26
2 10 14
2 10 14
3 10 16
1 10 12
1 10 12
2 10 14
8 10 26
1 10 12
10 10 30
9 10 28
4 10 18
8 10 26
3 10 16
5 10 20
8 10 26
4 10 18
8 10 26
6 10 22
3 20 26
7 20 34
3 20 26
4 20 28
8 20 36
10 20 40
6 20 32
6 20 32
8 20 36
9 20 38
6 20 32
7 20 34
10 20 40
7 20 34
2 20 24
1 20 22
4 20 28
4 20 28
9 20 38
2 20 24
4 20 28
4 20 28
1 20 22
5 20 30
7 20 34
6 20 32
1 20 22
10 20 40
6 20 32
2 20 24
10 20 40
8 20 36
3 20 26
10 20 40
5 20 30
4 20 28
8 20 36
2 20 24
3 20 26
3 20 26
1 20 22
9 20 38
9 20 38
8 20 36
6 0 8
5 8 13
6 13 20
11 20 34
12 34 48
5 48 56
6 56 65
8 65 74
11 74 86
8 86 94
13 94 109
9 109 121
5 121 129
9 129 139
12 139 153
6 153 161
6 161 170
5 170 175
5 175 181
15 181 199
7 199 209
6 209 218
12 218 233
12 233 246
15 246 264
8 264 273
7 273 280
5 280 287
14 287 302
9 302 314
13 314 327
15 327 344
10 344 354
10 354 364
6 364 370
14 370 384
8 384 394
11 394 407
12 407 420
11 420 433
9 433 442
5 442 447
10 447 458
10 458 468
9 468 477
14 477 493
5 493 501
6 501 507
12 507 521
15 521 537
12 537 550
6 550 557
10 557 567
6 567 576
13 576 589
6 589 598
13 598 613
13 613 628
14 628 643
7 643 650
12 650 664
6 664 672
5 672 680
6 680 688
7 688 698
6 698 707
15 707 722
9 722 732
14 732 747
5 747 752
11 752 765
15 765 780
13 780 795
10 795 808
7 808 816
5 816 823
9 823 835
10 835 848
10 848 859
5 859 864
8 864 875
13 875 888
5 888 896
5 896 902
7 902 912
14 912 927
8 927 935
10 935 945
12 945 957
11 957 969
5 969 977
13 977 992
5 992 998
10 998 1009
14 1009 1025
15 1025 1043
11 1043 1054
8 1054 1065
6 1065 1073
9 1073 1085
5 1085 1091
6 1091 1100
11 1100 1111
14 1111 1128
13 1128 1141
12 1141 1155
9 1155 1166
7 1166 1175
7 1175 1183
14 1183 1198
15 1198 1213
15 1213 1230
12 1230 1245
10 1245 1256
10 1256 1269
6 1269 1275
11 1275 1289
6 1289 1295
11 1295 1309
12 1309 1323
5 1323 1330
15 1330 1347
14 1347 1364
6 1364 1371
11 1371 1385
5 1385 1391
7 1391 1398
5 1398 1405
5 1405 1410
7 1410 1419
11 1419 1431
8 1431 1439
9 1439 1449
6 8 14
3 1 4
