450
29 23 54
48 50 99
20 39 61
75 43 120
63 41 107
49 69 122
31 11 44
39 53 94
17 18 39
49 8 61
61 1 64
57 58 120
27 29 61
55 21 77
17 7 29
55 43 102
64 56 123
29 29 59
29 46 80
50 13 66
47 74 124
18 9 27
37 60 101
71 58 130
34 23 61
72 31 108
66 49 119
33 44 81
41 61 106
19 50 74
34 27 62
41 40 82
70 57 131
37 48 90
18 63 81
59 41 101
17 61 80
47 24 74
36 41 82
68 14 83
57 45 104
31 10 45
30 75 106
21 24 47
49 35 89
30 32 65
43 74 119
42 31 73
23 44 70
42 57 103
35 0 37
17 35 52
46 73 119
21 41 62
50 61 116
41 55 101
17 6 27
27 35 64
44 4 52
31 50 84
53 2 57
34 32 71
43 45 89
32 15 47
37 32 71
15 3 23
42 55 102
58 2 62
50 35 88
29 50 84
75 17 92
62 36 103
49 51 105
30 16 50
61 2 65
31 57 91
74 17 92
37 40 81
16 44 64
22 1 28
26 67 97
23 53 79
29 11 44
64 19 86
48 17 65
33 10 43
16 1 19
62 44 110
48 50 103
72 70 145
71 24 96
37 52 93
36 57 96
46 48 99
33 51 85
49 30 82
49 74 128
33 45 81
43 67 113
43 21 64
50 56 109
50 44 95
29 18 50
74 61 138
47 72 124
67 28 98
71 15 90
27 72 102
49 37 88
29 71 102
30 36 66
61 52 118
35 20 57
38 13 55
57 10 71
40 8 49
32 39 72
26 29 56
61 69 133
66 71 141
70 50 121
33 62 97
42 70 115
50 61 111
66 10 79
66 64 134
15 25 40
71 32 103
66 16 87
56 72 128
56 74 130
26 52 83
18 8 30
57 8 65
49 57 108
33 58 94
64 33 102
40 21 65
32 12 46
24 67 96
67 15 87
36 29 70
40 21 66
48 6 54
64 26 92
25 23 50
57 13 71
18 20 42
37 16 54
19 39 58
1 0 2
1 0 2
4 0 8
7 0 14
2 0 4
10 0 20
6 0 12
5 0 10
6 0 12
1 0 2
5 0 10
2 0 4
4 0 8
8 0 16
7 0 14
8 0 16
5 0 10
1 0 2
3 0 6
10 0 20
1 0 2
3 0 6
2 0 4
8 0 16
8 0 16
2 0 4
9 0 18
6 0 12
1 0 2
1 0 2
8 0 16
5 0 10
3 0 6
7 0 14
2 0 4
6 0 12
7 0 14
2 0 4
10 0 20
7 0 14
1 0 2
9 0 18
8 0 16
9 0 18
8 0 16
2 0 4
6 0 12
10 0 20
1 0 2
6 0 12
9 10 28
9 10 28
5 10 20
4 10 18
10 10 30
3 10 16
4 10 18
8 10 26
9 10 28
2 10 14
3 10 16
8 10 26
8 10 26
3 10 16
7 10 24
4 10 18
10 10 30
1 10 12
1 10 12
5 10 20
9 10 28
3 10 16
6 10 22
7 10 24
10 10 30
9 10 28
3 10 16
9 10 28
9 10 28
8 10 26
1 10 12
10 10 30
5 10 20
3 10 16
4 10 18
10 10 30
8 10 26
1 10 12
3 10 16
2 10 14
7 10 24
2 10 14
8 10 26
6 10 22
1 10 12
3 10 16
8 10 26
10 10 30
7 10 24
7 10 24
1 20 22
3 20 26
10 20 40
2 20 24
2 20 24
4 20 28
2 20 24
6 20 32
8 20 36
2 20 24
3 20 26
9 20 38
7 20 34
3 20 26
10 20 40
4 20 28
10 20 40
9 20 38
10 20 40
7 20 34
1 20 22
3 20 26
9 20 38
8 20 36
8 20 36
4 20 28
10 20 40
1 20 22
10 20 40
3 20 26
6 20 32
3 20 26
10 20 40
3 20 26
10 20 40
6 20 32
8 20 36
7 20 34
1 20 22
8 20 36
8 20 36
6 20 32
7 20 34
7 20 34
6 20 32
2 20 24
9 20 38
4 20 28
1 20 22
9 20 38
15 0 17
12 17 29
10 29 42
15 42 57
6 57 65
6 65 72
10 72 82
13 82 97
11 97 110
5 110 117
11 117 129
11 129 143
10 143 154
13 154 170
12 170 183
8 183 191
6 191 197
12 197 212
15 212 230
14 230 247
8 247 258
14 258 274
12 274 288
13 288 303
9 303 312
8 312 322
11 322 335
5 335 340
5 340 345
15 345 360
7 360 367
10 367 378
6 378 387
12 387 399
12 399 411
11 411 422
8 422 432
11 432 443
6 443 451
13 451 464
6 464 470
8 470 480
6 480 488
14 488 505
5 505 513
15 513 528
10 528 538
11 538 550
13 550 563
5 563 570
14 570 586
7 586 593
9 593 602
11 602 613
6 613 622
13 622 636
13 636 649
14 649 666
8 666 674
11 674 686
7 686 696
13 696 709
13 709 724
7 724 734
12 734 746
14 746 763
8 763 773
7 773 781
15 781 796
13 796 809
11 809 822
10 822 832
12 832 845
11 845 857
13 857 873
10 873 886
9 886 898
13 898 912
10 912 924
13 924 937
5 937 944
7 944 952
11 952 964
14 964 980
11 980 993
8 993 1002
5 1002 1007
10 1007 1020
11 1020 1032
9 1032 1042
13 1042 1057
5 1057 1065
10 1065 1077
5 1077 1083
9 1083 1092
9 1092 1101
6 1101 1110
6 1110 1117
14 1117 1134
14 1134 1150
15 1150 1166
13 1166 1180
14 1180 1197
6 1197 1206
13 1206 1222
11 1222 1235
15 1235 1253
15 1253 1269
12 1269 1281
12 1281 1293
7 1293 1300
6 1300 1309
6 1309 1315
10 1315 1326
13 1326 1341
14 1341 1355
9 1355 1364
10 1364 1375
10 1375 1387
9 1387 1396
12 1396 1408
13 1408 1422
10 1422 1432
11 1432 1446
12 1446 1458
14 1458 1474
14 1474 1489
10 1489 1501
5 1501 1507
10 1507 1518
10 1518 1528
6 1528 1535
8 1535 1544
9 1544 1555
11 1555 1568
9 1568 1578
11 1578 1592
10 1592 1604
5 1604 1609
9 1609 1619
7 1619 1629
13 1629 1645
6 1645 1653
15 1653 1668
15 1668 1683
7 1683 1693
8 1693 1704
12 1704 1716
5 1716 1723
11 1723 1736
