500
30 65 95
50 33 83
82 69 156
50 47 102
58 14 76
56 27 85
18 4 26
56 58 117
65 6 73
30 80 113
19 37 57
72 7 79
73 24 99
34 11 50
42 47 94
20 6 28
42 43 88
77 58 140
71 25 96
19 44 68
60 59 124
82 8 94
48 83 136
37 73 114
69 65 137
58 25 84
32 48 84
22 52 78
50 9 64
31 81 112
44 41 89
24 61 88
36 19 59
18 11 32
22 73 99
51 59 111
18 27 45
28 9 39
54 52 110
35 72 109
44 58 107
33 62 98
16 16 33
30 44 78
50 65 118
31 56 92
32 59 92
75 22 100
17 82 104
27 37 67
24 59 86
49 13 62
34 64 101
81 36 118
63 26 92
38 69 110
37 80 122
50 20 73
50 23 77
34 80 117
30 45 77
48 63 113
68 44 112
28 60 93
50 28 80
62 21 87
39 18 61
41 16 58
27 31 59
62 21 84
34 61 98
16 79 99
77 58 136
57 70 129
19 75 95
58 69 127
34 18 55
25 79 107
37 63 104
49 24 73
58 8 71
19 80 99
38 66 104
78 44 127
18 16 38
61 16 77
48 49 99
47 50 100
38 25 68
50 29 83
32 20 54
44 75 124
80 7 92
66 37 108
40 29 74
83 14 97
38 18 58
42 15 59
43 21 65
83 28 115
42 24 67
21 31 52
49 63 117
70 66 140
49 26 76
48 45 93
44 23 67
35 2 40
55 42 99
25 39 65
48 32 82
45 9 57
29 62 93
64 25 89
81 9 90
78 2 81
51 48 102
17 39 58
27 81 108
24 78 103
31 66 99
56 70 127
21 82 104
78 1 81
60 45 108
42 10 53
36 12 51
47 22 69
52 2 58
30 7 38
36 56 95
51 65 119
20 48 72
43 37 81
26 34 64
16 41 59
41 8 49
24 36 63
42 20 62
46 33 84
58 13 75
67 71 140
51 76 128
44 48 96
71 53 128
49 30 84
46 61 109
50 81 131
81 74 158
38 13 56
67 10 82
56 71 131
62 75 141
43 78 123
17 79 99
26 44 73
60 29 90
32 80 112
47 53 102
67 62 132
20 16 38
52 61 115
82 36 123
56 42 98
22 43 68
32 51 87
5 0 10
3 0 6
7 0 14
4 0 8
9 0 18
2 0 4
8 0 16
8 0 16
9 0 18
8 0 16
7 0 14
4 0 8
4 0 8
7 0 14
10 0 20
4 0 8
2 0 4
6 0 12
8 0 16
9 0 18
6 0 12
7 0 14
1 0 2
3 0 6
3 0 6
1 0 2
1 0 2
1 0 2
7 0 14
4 0 8
2 0 4
1 0 2
8 0 16
9 0 18
5 0 10
7 0 14
6 0 12
2 0 4
2 0 4
8 0 16
3 0 6
5 0 10
9 0 18
8 0 16
3 0 6
8 0 16
1 0 2
9 0 18
4 0 8
2 0 4
3 0 6
1 0 2
4 0 8
4 0 8
10 0 20
4 10 18
3 10 16
5 10 20
5 10 20
5 10 20
3 10 16
1 10 12
6 10 22
5 10 20
9 10 28
5 10 20
6 10 22
4 10 18
1 10 12
2 10 14
4 10 18
3 10 16
4 10 18
3 10 16
3 10 16
2 10 14
3 10 16
5 10 20
6 10 22
2 10 14
1 10 12
6 10 22
2 10 14
10 10 30
8 10 26
2 10 14
1 10 12
3 10 16
6 10 22
4 10 18
2 10 14
9 10 28
3 10 16
4 10 18
5 10 20
5 10 20
7 10 24
7 10 24
7 10 24
3 10 16
10 10 30
6 10 22
10 10 30
4 10 18
3 10 16
9 10 28
6 10 22
10 10 30
10 10 30
10 10 30
9 20 38
8 20 36
10 20 40
3 20 26
2 20 24
6 20 32
6 20 32
7 20 34
10 20 40
4 20 28
1 20 22
8 20 36
8 20 36
3 20 26
7 20 34
8 20 36
3 20 26
5 20 30
5 20 30
3 20 26
7 20 34
8 20 36
1 20 22
9 20 38
8 20 36
9 20 38
4 20 28
8 20 36
6 20 32
6 20 32
1 20 22
7 20 34
4 20 28
4 20 28
8 20 36
2 20 24
8 20 36
7 20 34
7 20 34
8 20 36
9 20 38
1 20 22
9 20 38
3 20 26
8 20 36
5 20 30
10 20 40
6 20 32
7 20 34
5 20 30
10 20 40
6 20 32
8 20 36
1 20 22
9 20 38
9 0 11
10 11 23
7 23 30
14 30 45
7 45 55
10 55 65
6 65 73
12 73 87
14 87 103
12 103 118
12 118 131
6 131 137
7 137 144
15 144 162
13 162 176
14 176 190
12 190 204
9 204 213
6 213 221
10 221 232
5 232 240
12 240 255
8 255 263
13 263 276
10 276 289
13 289 304
9 304 315
9 315 327
11 327 339
14 339 354
15 354 372
7 372 381
8 381 390
11 390 403
8 403 412
9 412 424
14 424 439
6 439 447
5 447 455
13 455 469
13 469 482
7 482 492
15 492 509
10 509 522
14 522 539
14 539 555
11 555 568
9 568 577
7 577 585
15 585 603
14 603 617
10 617 627
15 627 642
13 642 657
14 657 674
5 674 682
10 682 692
13 692 708
10 708 718
5 718 724
6 724 731
5 731 738
14 738 755
8 755 765
12 765 780
12 780 795
11 795 809
8 809 820
14 820 834
9 834 844
10 844 854
5 854 861
10 861 874
9 874 883
13 883 897
12 897 912
9 912 921
12 921 934
12 934 948
6 948 956
14 956 973
14 973 987
11 987 1000
5 1000 1006
14 1006 1020
12 1020 1034
11 1034 1048
15 1048 1066
6 1066 1074
11 1074 1085
5 1085 1091
14 1091 1105
10 1105 1118
14 1118 1135
7 1135 1143
15 1143 1159
9 1159 1171
12 1171 1185
14 1185 1201
5 1201 1206
14 1206 1221
11 1221 1232
12 1232 1246
11 1246 1259
15 1259 1274
12 1274 1287
10 1287 1297
5 1297 1303
14 1303 1318
7 1318 1328
13 1328 1341
11 1341 1352
14 1352 1366
9 1366 1375
13 1375 1391
10 1391 1404
13 1404 1419
13 1419 1433
11 1433 1444
13 1444 1459
12 1459 1471
8 1471 1480
6 1480 1488
6 1488 1496
7 1496 1505
13 1505 1519
6 1519 1526
5 1526 1532
8 1532 1543
10 1543 1556
9 1556 1567
13 1567 1583
10 1583 1595
15 1595 1611
14 1611 1628
14 1628 1643
14 1643 1657
10 1657 1668
10 1668 1681
13 1681 1694
8 1694 1703
10 1703 1713
11 1713 1725
7 1725 1732
11 1732 1744
5 1744 1750
14 1750 1766
15 1766 1783
11 1783 1797
10 1797 1808
5 1808 1815
5 1815 1822
7 1822 1829
15 1829 1846
15 1846 1864
12 1864 1876
14 1876 1891
14 1891 1905
6 1905 1913
8 1913 1922
13 1922 1938
6 1938 1945
5 1945 1951
10 1951 1964
13 1964 1979
10 1979 1991
4 0 7
1 8 12
3 5 13
