100
3 0 5
2 1 6
3 0 6
1 0 7
2 0 6
5 2 9
5 4 13
2 1 7
2 1 6
6 3 12
9 3 18
10 1 16
4 8 20
6 11 25
2 8 15
8 5 18
2 10 23
1 16 21
4 16 22
4 1 8
5 7 14
3 16 29
6 10 20
2 15 29
8 11 23
2 18 24
12 6 21
1 11 24
1 7 16
1 7 18
7 17 29
1 24 29
3 24 32
3 10 18
10 23 35
1 7 18
1 6 20
5 27 39
2 8 13
7 35 45
8 26 38
2 34 40
2 15 21
5 26 36
3 8 14
3 20 33
2 37 50
6 12 23
4 47 58
2 37 46
7 25 35
1 46 60
5 43 52
2 46 55
7 16 27
3 33 39
1 10 18
2 9 17
7 30 44
2 3 10
3 19 26
5 15 24
6 10 22
1 31 39
4 19 27
4 47 61
1 41 46
6 16 29
6 21 33
2 20 26
6 1 10
2 29 41
7 5 16
5 28 41
3 33 47
1 43 48
4 41 48
2 32 46
12 32 46
5 41 48
5 46 55
7 31 43
1 40 48
4 39 48
2 23 33
4 46 52
1 18 30
5 13 20
2 49 56
7 29 40
10 41 53
3 3 10
1 39 45
2 35 42
7 42 55
2 29 40
4 31 37
7 46 59
7 24 33
11 24 38
