150
2 0 5
3 1 7
3 2 8
3 3 8
3 1 6
2 5 12
8 1 11
1 4 10
7 7 16
5 4 15
12 10 25
4 3 15
3 3 16
8 0 11
12 14 30
7 7 16
5 1 15
12 8 27
6 0 10
4 12 28
3 13 22
2 7 12
2 5 23
5 13 27
1 11 23
13 17 37
2 21 35
9 16 32
7 8 26
11 3 21
8 28 40
10 5 23
1 2 9
5 8 20
2 1 10
2 35 41
5 26 39
10 12 27
2 10 19
5 14 32
13 4 22
16 5 25
5 5 12
7 38 55
5 10 20
4 24 35
7 18 36
3 33 38
4 31 40
17 28 47
11 25 40
11 32 50
11 2 22
6 39 52
4 28 37
10 26 45
1 56 63
5 27 35
6 44 55
9 49 62
2 41 54
6 25 40
4 43 54
2 33 41
3 40 49
14 21 40
4 17 25
5 52 63
8 20 35
1 41 49
7 66 75
2 22 38
4 43 52
2 33 52
6 13 28
4 28 35
1 72 87
4 28 38
2 16 25
2 28 36
11 21 36
5 48 60
7 40 49
9 39 55
11 9 22
2 71 79
13 34 50
4 38 55
4 40 56
2 7 14
4 23 31
10 50 64
3 57 73
17 46 65
2 33 48
1 11 29
8 6 17
4 14 20
3 7 15
3 34 41
5 7 20
2 19 38
9 74 86
4 4 19
4 4 21
7 66 76
7 67 82
16 33 52
2 10 15
1 23 28
11 0 14
1 71 76
5 34 49
4 12 21
10 3 19
1 38 48
7 43 58
11 74 89
15 37 55
1 62 67
14 27 45
5 20 39
8 4 14
4 8 17
4 23 29
7 25 43
5 15 33
14 23 39
10 65 84
11 12 30
12 19 35
2 30 36
4 7 13
11 17 33
3 27 46
6 0 15
10 73 90
3 35 48
7 71 90
1 6 13
13 34 51
10 59 75
6 46 61
2 69 79
8 4 14
10 47 59
5 35 48
2 42 54
4 20 26
2 73 87
