200
3 0 5
4 1 7
4 2 9
2 2 7
2 1 6
3 2 10
3 3 11
4 0 6
2 8 13
1 0 6
7 7 19
1 10 15
5 7 24
5 3 19
6 6 18
10 5 20
2 15 35
7 8 18
2 0 21
6 13 21
3 14 19
12 1 16
6 15 29
13 3 21
4 9 18
2 2 22
7 6 22
5 0 12
10 15 27
1 0 10
1 29 50
13 16 33
9 10 27
2 7 25
6 30 51
3 15 29
9 26 45
1 32 38
5 28 46
11 23 37
20 0 22
1 33 39
2 0 14
16 4 24
7 35 46
3 38 55
4 2 15
11 32 49
8 28 38
2 41 46
18 2 26
3 4 9
17 5 25
1 49 54
11 28 46
1 18 25
7 23 32
14 51 69
2 34 39
4 59 68
4 28 35
4 20 31
5 56 81
13 14 30
13 27 42
1 22 31
5 44 51
8 32 43
3 35 50
4 0 13
10 63 81
1 28 44
5 21 40
5 29 48
3 57 74
6 31 42
13 12 32
3 31 47
6 27 40
2 45 60
5 7 22
11 81 94
7 14 28
2 54 65
2 6 13
5 81 98
10 80 94
22 28 52
3 0 9
2 82 100
15 79 99
3 43 51
13 64 87
1 19 34
6 88 98
3 23 28
2 9 18
6 47 57
4 59 73
4 61 84
11 21 37
7 90 102
4 52 69
7 75 86
3 41 58
2 79 88
1 65 81
7 89 103
1 75 84
14 59 76
4 29 38
4 39 52
6 35 44
14 76 98
2 84 99
3 70 75
22 49 73
8 31 47
4 44 53
17 65 84
8 36 57
6 70 81
10 16 32
1 29 42
4 42 62
1 50 55
4 44 50
12 68 86
5 44 55
2 4 10
3 65 76
5 19 27
1 87 93
6 98 110
7 3 23
3 31 39
11 60 78
2 62 81
18 71 95
10 59 73
15 66 85
13 66 86
5 44 63
13 32 57
7 61 73
12 18 40
7 14 31
2 96 103
9 83 101
11 25 44
1 84 90
6 100 123
4 55 69
14 78 97
9 79 97
19 27 48
2 63 71
1 68 79
6 79 94
4 56 62
5 89 102
3 63 69
3 33 41
3 21 42
9 45 56
6 75 87
4 20 37
1 98 110
2 97 114
5 23 31
5 73 82
6 30 40
2 11 19
3 4 9
12 55 78
2 49 63
9 68 79
2 77 86
15 84 103
3 36 46
16 24 45
5 48 59
6 12 23
2 24 30
3 45 58
3 12 36
6 41 50
7 30 39
6 72 87
2 4 25
5 12 26
3 34 39
8 81 96
1 67 74
12 32 51
7 24 34
2 53 63
15 26 48
4 45 66
7 95 108
