250
1 0 5
2 0 5
2 0 6
2 2 7
4 2 10
3 3 8
3 4 13
7 1 13
2 4 12
4 7 15
1 8 22
1 8 16
2 8 13
5 6 14
7 11 21
1 1 15
13 13 31
2 12 17
8 2 12
13 6 26
2 7 17
5 9 19
13 19 43
8 13 29
4 13 39
11 14 43
1 22 29
12 12 33
4 22 47
14 28 48
7 13 32
27 1 31
4 9 15
3 0 19
10 3 15
6 22 52
1 26 48
3 7 19
16 16 42
8 18 28
8 22 48
5 31 52
4 6 16
2 43 58
5 41 51
6 9 39
10 46 58
4 13 22
11 18 31
6 44 62
4 50 59
18 48 77
1 31 53
14 18 39
4 22 28
1 24 29
4 19 31
4 40 62
4 28 36
5 53 65
1 27 39
1 27 33
23 32 59
7 42 72
7 63 74
16 6 24
7 45 55
7 65 77
13 51 71
2 38 49
1 15 28
12 57 77
5 44 66
9 48 67
19 49 78
13 63 78
15 62 83
3 26 31
4 27 36
1 75 86
2 60 71
13 44 67
5 71 92
11 77 96
3 65 76
6 83 104
1 7 17
2 67 88
2 7 28
20 19 42
3 30 53
6 14 27
2 81 94
4 47 63
3 77 89
6 91 101
17 40 69
14 47 68
13 63 89
3 37 42
2 3 8
9 72 85
10 56 83
2 67 80
8 8 32
12 35 53
9 93 112
10 99 120
5 83 109
5 72 81
5 103 110
16 16 39
11 79 96
8 102 120
19 85 112
5 58 74
7 21 30
1 60 73
4 85 92
8 57 69
17 45 67
4 73 84
3 76 84
1 47 54
11 37 65
5 80 103
13 117 132
15 10 39
7 68 91
5 24 48
7 2 19
2 96 102
5 78 85
6 4 33
16 120 139
2 76 100
2 119 126
4 66 73
2 104 110
24 20 46
4 58 71
2 26 34
8 2 26
2 91 100
7 123 142
1 112 118
3 103 111
7 11 27
6 92 117
8 102 118
8 52 65
12 54 74
16 112 130
7 11 21
4 2 10
22 91 118
1 82 87
11 96 114
9 14 38
14 107 130
6 101 126
5 67 76
5 49 62
5 90 106
2 73 80
3 17 27
1 110 124
20 46 69
7 97 126
4 64 70
4 104 111
10 107 122
7 124 133
22 64 90
2 88 97
3 102 113
9 106 134
19 36 65
3 44 57
1 54 59
2 34 46
16 11 30
1 23 28
1 107 112
10 41 57
5 100 107
6 59 74
5 91 102
7 20 45
8 108 125
4 76 89
4 116 124
3 2 15
6 49 72
1 30 41
19 46 72
16 91 120
2 69 90
5 5 27
6 66 78
9 87 110
10 49 66
9 58 72
6 49 64
17 60 88
5 3 20
2 81 88
12 75 91
4 20 28
10 108 130
12 2 23
6 72 88
25 107 134
3 92 97
6 2 11
16 69 87
2 32 57
10 83 96
11 40 59
3 55 62
10 51 65
1 17 37
6 94 108
1 100 128
7 14 27
2 9 25
9 37 63
5 53 75
1 42 51
4 76 84
2 39 65
7 54 79
1 65 75
4 115 130
5 33 44
3 38 44
6 84 113
17 120 141
3 72 77
4 53 81
10 61 86
25 77 105
2 1 9
4 106 117
1 93 99
24 67 93
9 74 95
5 82 107
17 17 37
26 47 75
