300
3 0 5
1 1 6
3 0 7
2 3 11
3 3 8
4 2 8
2 0 11
4 3 11
3 2 13
8 8 19
3 4 9
11 3 19
1 5 10
8 10 21
4 5 18
5 0 7
4 7 18
9 7 23
5 12 26
4 14 24
8 4 18
5 14 30
4 11 18
24 19 47
4 9 22
3 19 39
21 9 39
2 14 21
1 7 17
7 25 58
2 10 28
15 17 34
5 23 55
10 28 48
4 8 18
11 5 22
6 15 23
4 31 38
17 37 59
10 0 22
8 27 41
20 3 26
8 25 38
13 0 28
4 18 24
1 1 10
3 10 21
13 9 42
2 32 44
3 25 35
19 41 62
7 15 24
1 35 65
2 28 44
2 1 9
18 22 47
13 42 72
22 47 77
11 24 41
10 22 35
1 60 84
5 50 71
5 7 14
9 31 44
1 46 56
17 28 58
15 48 68
23 51 81
11 61 79
1 64 69
6 69 90
12 68 82
4 22 30
16 71 96
6 41 66
20 46 75
14 33 53
4 13 35
2 41 73
1 76 88
14 12 28
8 63 89
16 5 25
10 66 81
14 1 26
13 63 85
11 39 56
5 58 89
6 5 29
6 46 55
2 35 42
9 10 26
8 21 31
1 81 97
25 38 71
10 3 15
6 47 57
7 90 111
5 82 98
3 46 62
26 79 113
15 7 36
5 34 41
23 99 129
3 57 62
6 94 121
2 47 54
4 15 21
2 3 9
6 80 101
1 87 97
12 111 134
1 36 58
3 39 46
10 17 50
8 93 104
17 39 61
3 75 89
7 111 130
12 81 111
4 27 35
6 10 36
3 35 54
3 18 29
17 54 83
1 123 135
9 36 71
1 116 121
20 70 93
2 129 136
4 91 103
17 48 69
10 5 32
18 67 102
6 10 26
1 87 107
14 72 91
5 42 59
3 6 18
3 92 115
13 16 38
8 83 107
21 9 38
6 24 33
5 72 79
9 98 111
11 49 79
12 98 122
15 40 58
8 111 124
3 140 169
22 150 177
3 128 138
7 139 160
24 110 144
6 5 16
2 12 27
10 88 111
6 80 108
7 82 93
5 128 141
1 39 57
5 67 77
4 37 56
12 67 88
1 94 102
1 105 113
10 35 53
15 79 112
16 95 127
23 124 150
26 3 32
9 32 51
13 71 86
10 97 110
1 11 30
1 146 180
2 43 55
3 106 122
3 92 126
15 70 93
2 116 134
4 49 77
6 28 45
10 80 101
31 78 112
7 73 97
9 64 77
20 114 141
11 148 181
7 85 99
1 69 74
1 1 15
2 49 57
12 140 159
2 70 96
1 35 43
17 10 31
8 37 57
2 141 150
11 146 159
15 1 18
20 107 138
10 141 160
1 119 128
1 92 97
5 140 153
5 35 65
4 137 160
15 78 103
5 53 65
8 80 93
3 39 59
15 137 165
11 30 63
5 32 39
2 2 27
22 80 114
17 80 112
11 111 138
6 64 76
18 27 59
7 48 62
17 125 154
26 20 54
7 33 67
14 87 105
6 27 54
6 115 139
21 22 55
14 40 61
27 82 115
4 16 22
4 136 155
16 25 54
16 82 105
3 49 73
15 28 56
1 10 16
5 42 49
21 20 45
15 87 113
14 148 165
14 90 117
9 82 94
10 56 69
4 106 133
5 47 80
4 106 124
14 37 56
11 117 132
3 111 122
1 33 46
2 8 13
3 35 46
12 112 134
20 77 99
27 96 128
6 30 44
10 91 104
10 68 81
1 8 18
10 98 124
9 104 129
11 105 127
5 60 78
24 101 134
6 109 130
16 134 164
13 130 151
26 2 30
18 138 160
8 75 94
15 39 66
28 60 94
6 84 113
23 136 161
4 136 154
3 93 98
11 19 35
5 104 135
5 43 61
10 31 63
22 123 148
15 103 133
11 91 104
6 13 23
1 83 90
4 34 52
1 44 69
16 87 113
2 41 56
11 82 107
16 74 100
2 116 124
20 4 29
9 95 126
13 141 172
12 105 130
21 128 154
