350
3 0 5
1 0 6
1 0 6
4 2 8
5 4 13
5 4 13
6 5 14
3 4 11
3 4 9
12 9 23
1 6 21
5 1 13
7 6 18
4 1 11
5 12 24
15 9 28
3 1 11
10 0 21
7 15 28
9 10 34
17 10 29
8 13 31
2 9 32
6 13 28
15 5 25
7 0 11
15 1 21
10 27 42
9 13 29
2 4 24
10 30 49
19 14 35
8 27 48
31 29 66
15 22 53
13 6 32
9 36 65
34 15 55
5 31 41
4 32 61
28 37 74
3 6 37
10 38 52
23 19 48
6 37 52
3 45 61
4 27 67
6 34 44
8 19 43
1 14 37
14 3 22
23 3 38
3 11 24
1 48 53
3 30 39
7 54 78
15 26 47
25 10 44
5 30 38
7 36 67
3 16 21
25 54 85
12 54 94
10 45 58
6 41 50
28 13 46
5 35 44
28 33 69
12 21 42
10 54 73
10 40 54
15 2 33
27 58 88
6 16 34
12 40 55
4 13 19
7 3 40
12 3 17
7 8 31
4 57 64
15 15 53
3 28 50
6 14 41
12 11 26
16 38 72
4 60 94
2 83 88
8 75 90
2 28 43
10 89 120
19 17 53
5 65 76
16 51 86
14 32 48
20 10 43
24 53 79
5 45 81
3 50 56
18 17 38
18 24 59
6 56 69
13 67 104
15 83 111
2 88 99
7 57 87
18 45 65
11 70 100
2 38 56
20 21 52
2 24 47
30 109 148
15 108 138
5 109 125
2 46 51
7 73 107
20 18 44
4 91 112
2 11 48
4 21 33
18 45 65
24 4 39
9 99 123
7 13 33
10 26 53
1 41 66
2 106 113
2 109 114
31 63 97
24 115 153
6 30 48
22 1 39
12 93 112
29 65 101
23 116 142
4 56 67
7 133 160
7 85 96
16 56 75
7 68 104
25 137 167
16 115 145
24 89 120
24 109 138
11 84 113
1 76 83
11 115 136
5 98 132
6 122 144
23 93 122
23 122 159
4 114 141
29 31 65
10 127 147
7 146 166
12 40 56
2 84 94
6 129 148
9 105 116
4 95 103
22 101 131
3 109 142
6 136 159
3 115 121
4 136 162
10 41 65
7 60 86
26 120 150
16 40 74
5 42 50
9 8 39
16 137 171
20 105 130
1 81 110
32 37 75
1 87 92
14 20 38
18 146 169
2 117 122
21 142 166
1 57 70
1 128 135
26 123 161
6 94 102
16 149 182
21 174 211
3 126 154
25 66 93
3 122 127
22 111 139
7 73 82
30 70 109
16 156 191
3 99 105
27 41 79
2 63 86
4 135 143
9 131 151
19 121 157
2 127 132
1 60 79
30 106 140
15 14 43
1 16 41
7 112 145
15 97 128
4 56 65
2 96 104
5 114 122
3 78 84
2 130 140
9 140 155
3 83 103
9 137 157
4 138 163
2 113 130
18 57 87
1 46 53
9 108 130
5 149 161
10 161 178
8 75 90
17 85 106
7 121 131
12 153 167
21 36 72
24 164 200
5 114 124
11 134 157
6 159 176
1 74 102
3 39 45
5 37 52
6 21 37
26 159 188
23 88 121
14 55 89
2 157 164
1 22 28
6 54 66
14 84 106
15 35 53
1 26 31
29 104 138
26 45 74
11 28 49
20 44 66
22 35 61
12 99 128
10 21 33
7 127 152
5 161 173
1 29 36
7 115 127
26 128 156
3 4 22
3 28 42
5 13 52
36 142 180
27 103 142
2 157 178
4 174 181
14 166 197
6 8 16
30 86 121
11 174 193
6 30 38
7 46 55
11 110 125
15 90 111
8 18 34
19 59 97
11 45 76
4 160 166
22 58 85
1 56 81
4 81 113
4 104 115
4 155 180
32 27 63
1 166 176
3 90 108
1 107 119
17 56 81
17 54 78
3 17 26
16 170 194
17 92 112
12 3 26
16 100 129
6 2 10
3 46 53
29 174 208
20 174 197
10 120 140
3 64 92
13 80 110
2 96 105
11 124 143
27 114 145
7 45 54
25 16 47
4 30 38
11 172 208
1 91 97
10 131 148
23 159 187
8 153 192
5 7 22
6 28 55
7 150 165
8 10 39
5 64 82
7 163 172
5 78 89
36 127 166
7 135 150
24 68 97
27 77 106
4 59 75
2 72 79
8 62 76
30 67 102
15 128 153
21 116 155
15 96 126
11 151 190
5 93 100
1 122 127
5 45 70
27 55 85
4 131 151
9 113 142
1 82 96
2 47 56
24 113 143
3 159 165
3 88 98
28 88 120
9 16 40
17 84 107
19 4 33
17 155 184
1 15 29
5 33 66
11 18 35
10 21 56
13 147 169
11 8 22
4 89 115
13 80 101
