400
3 0 5
2 1 6
3 1 7
2 1 8
2 1 7
2 3 13
2 1 7
1 2 9
9 5 18
2 0 14
2 10 15
13 3 19
4 1 14
1 13 29
11 8 23
11 14 29
3 6 12
1 9 15
7 5 25
2 17 27
17 5 27
6 12 31
10 16 34
1 10 16
16 6 32
3 5 16
9 18 30
22 3 30
15 20 43
2 24 34
7 3 30
2 27 58
3 0 20
18 0 22
9 31 42
12 4 21
11 5 18
12 2 23
21 30 57
7 27 62
3 20 26
1 11 19
3 0 7
1 5 23
22 10 37
37 33 74
17 40 78
24 33 72
4 44 52
1 27 36
15 5 24
1 25 42
25 21 61
10 31 57
12 22 46
20 11 37
9 21 34
1 29 34
6 52 61
6 14 42
8 3 19
1 35 52
9 19 40
36 46 88
2 53 76
3 4 28
28 10 49
15 29 63
34 22 59
4 49 86
2 2 7
24 28 64
12 21 45
3 57 62
1 4 20
17 51 93
1 57 70
14 42 73
16 61 80
10 73 89
8 57 68
7 61 93
8 52 95
8 14 41
5 57 70
5 27 34
2 29 55
19 40 79
3 82 89
13 6 21
2 53 63
1 65 71
18 51 71
12 78 99
27 87 128
13 20 37
1 55 78
7 67 84
3 64 72
17 49 87
1 81 86
3 14 22
16 44 86
3 18 26
3 6 25
8 37 55
6 15 25
2 14 24
17 1 20
13 74 99
23 92 127
3 96 101
8 57 86
22 9 37
16 75 96
13 12 43
28 22 58
5 51 75
2 104 133
10 83 106
17 20 47
3 44 52
1 20 32
29 114 148
4 20 57
6 50 78
21 23 65
6 114 125
12 3 30
20 5 33
15 114 141
5 31 68
5 25 39
12 117 140
41 34 78
21 4 49
4 5 19
4 44 51
35 2 41
22 37 63
4 99 113
22 25 59
3 65 71
11 17 61
15 7 33
7 45 64
1 88 93
20 98 128
3 134 139
10 137 178
12 125 147
7 60 76
22 51 85
25 103 144
10 41 67
19 111 138
10 123 143
5 151 180
21 133 168
23 149 192
14 133 173
6 147 158
11 123 157
13 31 46
14 68 110
4 38 80
5 138 145
12 35 51
3 110 125
8 133 145
7 162 175
14 16 52
36 68 111
24 143 173
4 96 104
23 170 212
23 138 178
29 114 147
8 38 55
18 18 42
3 14 20
22 28 60
20 145 181
7 127 139
8 157 170
11 5 47
12 92 127
13 120 159
22 126 155
1 95 104
1 97 104
14 87 117
4 184 199
2 51 56
5 19 29
2 184 197
20 183 217
15 52 93
33 158 201
34 129 168
11 176 203
17 75 115
6 161 195
28 81 115
3 38 81
13 113 156
25 129 157
1 16 38
5 47 54
5 4 21
12 160 187
25 153 188
16 113 135
1 174 198
9 76 91
17 183 213
2 186 208
5 80 90
22 120 158
10 153 172
10 115 143
13 41 63
4 127 159
5 172 188
3 143 153
16 137 166
7 38 82
1 19 24
1 99 119
2 53 58
10 187 230
32 21 55
1 83 105
25 145 176
10 137 152
2 50 61
2 193 215
6 38 69
3 62 80
5 114 136
15 167 188
5 184 196
4 113 130
6 27 59
11 153 176
17 42 81
6 43 78
5 90 106
8 158 168
10 66 89
2 79 85
1 127 161
2 106 118
2 179 186
7 62 79
5 168 188
13 190 231
6 129 173
1 133 147
28 122 165
2 144 151
12 93 137
3 119 125
23 151 182
30 141 178
2 22 28
31 144 187
5 150 160
2 170 194
8 126 170
4 46 52
4 24 53
2 198 221
9 168 182
9 62 98
2 66 73
14 127 158
27 44 85
16 198 231
1 129 170
28 7 50
2 132 140
19 115 155
7 132 141
18 50 89
1 42 65
8 10 26
2 60 66
24 9 37
7 28 38
21 79 118
20 183 213
11 1 35
27 159 203
7 8 24
15 86 112
7 128 150
4 80 90
16 145 164
5 75 90
10 117 140
5 104 133
14 44 64
18 176 197
17 60 84
7 125 146
6 135 174
3 61 66
4 91 117
1 76 101
2 186 200
6 156 165
15 169 186
5 158 188
17 188 210
3 11 35
3 115 121
3 60 81
2 92 117
20 113 142
7 112 130
18 84 112
14 100 129
4 162 186
21 126 164
6 187 204
22 19 53
1 126 133
18 145 186
10 166 206
31 6 48
5 48 66
3 7 40
11 167 185
35 81 122
24 159 191
18 155 175
5 130 165
12 163 178
28 181 214
32 155 197
26 95 128
3 82 88
9 138 153
6 89 120
32 112 150
6 12 20
19 122 148
5 8 30
2 100 141
5 48 70
15 20 43
2 151 162
21 91 124
4 39 78
5 6 33
5 57 64
16 30 58
31 36 80
5 92 103
15 153 193
22 131 166
31 64 98
11 162 195
24 121 147
7 155 167
11 143 158
8 104 137
10 4 17
2 21 34
10 15 28
20 112 135
6 136 151
35 182 226
9 89 122
17 39 71
32 98 132
12 65 98
25 200 233
14 53 93
4 170 198
14 45 76
3 167 177
24 101 145
4 161 193
4 154 160
2 164 179
5 4 37
1 72 110
16 101 136
2 130 135
15 112 129
1 144 152
7 165 191
6 146 161
1 63 73
1 158 190
8 26 63
2 76 96
19 39 65
