450
3 0 5
3 1 7
3 1 6
3 2 9
2 2 10
3 0 7
2 3 10
2 0 11
2 3 15
2 6 17
5 3 15
4 2 15
2 4 18
9 6 24
6 5 17
1 13 24
16 2 21
4 3 19
9 13 26
4 16 22
13 2 17
11 12 26
2 0 24
3 0 9
4 10 16
10 3 17
25 5 35
10 23 50
15 2 24
2 22 38
9 8 26
15 17 45
11 20 40
21 24 50
4 3 25
9 5 21
15 11 49
25 29 59
18 3 38
9 1 30
4 5 44
11 4 19
20 38 65
1 20 56
6 2 14
11 0 50
31 37 77
2 4 10
12 36 84
18 45 95
21 45 71
2 21 38
8 8 40
31 21 70
9 13 28
13 42 74
8 36 46
8 42 77
5 39 61
11 44 63
5 15 43
24 35 76
28 38 71
34 0 48
22 7 44
38 25 68
3 66 71
1 42 56
1 62 101
10 58 81
1 68 75
15 37 58
14 4 48
40 0 48
9 74 90
7 59 69
20 25 63
1 74 84
18 56 99
12 79 106
2 46 61
15 61 99
1 34 41
14 56 74
3 38 79
31 31 77
1 83 121
18 54 98
17 16 49
17 39 73
6 52 81
7 85 125
2 85 92
15 61 78
34 25 73
6 22 46
22 90 126
12 93 117
37 68 118
4 43 63
5 2 47
15 65 87
2 60 68
34 98 144
8 22 32
10 20 33
2 33 38
9 57 84
3 13 22
21 29 75
9 81 110
39 14 56
1 39 51
5 91 102
12 87 115
3 13 19
3 81 87
1 5 16
7 109 121
20 93 117
9 108 140
5 77 112
5 36 55
1 65 79
5 20 27
7 82 117
18 42 81
4 7 13
15 8 53
15 111 133
30 9 54
6 130 157
3 127 138
11 34 52
15 38 56
8 107 125
1 33 41
22 73 122
3 133 152
7 16 30
11 41 57
3 140 148
17 90 115
4 73 80
23 92 138
8 142 190
12 120 158
8 119 165
12 113 144
1 22 66
31 116 156
2 71 81
30 74 120
14 20 39
1 135 164
11 83 109
2 152 161
31 27 70
3 33 47
22 93 119
21 73 117
17 147 180
6 118 167
7 108 119
6 130 144
5 116 123
9 149 164
18 155 178
3 128 133
10 12 46
2 139 164
4 32 56
2 25 33
18 112 149
22 107 132
6 18 48
2 72 86
7 68 116
22 107 139
16 30 50
1 163 169
1 68 78
9 21 60
8 105 125
33 34 83
23 59 89
13 5 23
3 5 16
26 58 88
1 170 180
8 176 187
34 111 159
12 181 199
18 24 48
4 137 159
37 14 55
12 94 122
10 117 151
12 105 127
4 192 198
18 176 201
11 86 122
30 76 108
15 94 127
6 134 161
13 62 91
27 112 155
13 152 174
21 183 227
5 183 203
2 19 36
10 13 32
7 169 184
17 109 158
1 93 99
3 64 95
8 215 232
3 151 158
7 176 199
12 81 102
3 11 19
10 69 89
20 132 179
6 143 151
35 210 252
20 84 117
4 122 157
22 155 189
6 24 57
7 16 55
9 165 180
6 4 26
14 65 109
33 91 134
21 59 109
2 137 142
10 191 222
1 46 74
36 0 48
9 162 190
2 135 143
23 31 69
2 21 34
8 82 99
33 91 136
21 143 186
1 167 181
6 149 184
26 14 46
10 123 141
9 6 27
10 182 218
23 46 74
12 83 116
18 43 65
9 158 171
22 87 120
8 9 27
17 75 107
35 154 200
14 56 75
8 174 206
3 78 100
22 209 259
5 215 226
31 178 215
27 44 79
10 159 188
22 162 189
40 28 74
1 74 82
3 134 139
24 15 58
9 111 151
1 52 83
12 59 83
8 130 159
7 202 219
4 199 247
41 152 195
3 14 35
3 221 241
1 52 63
41 27 71
13 0 42
5 27 51
14 178 225
42 163 212
5 224 267
24 198 235
11 47 90
22 94 135
14 110 146
14 221 248
12 123 157
26 4 47
8 37 65
6 168 183
2 62 76
21 156 186
18 10 46
2 206 225
21 154 185
6 216 237
2 65 84
9 166 179
2 38 62
13 52 72
5 48 59
1 187 192
13 32 61
16 153 202
25 174 204
2 136 141
3 95 138
5 43 68
16 137 176
8 108 118
6 139 165
14 190 208
1 19 66
16 152 175
42 74 121
1 224 247
3 94 99
21 119 154
18 95 125
18 74 118
5 24 65
3 90 132
5 43 60
17 153 176
10 195 239
42 146 193
3 106 116
3 207 225
21 212 237
6 112 120
6 135 153
19 61 94
9 5 26
16 81 109
10 50 64
12 29 59
11 217 233
23 225 257
12 80 112
7 106 115
7 8 44
3 104 124
6 101 133
1 56 79
6 161 194
34 134 181
16 96 128
8 34 66
3 9 24
45 206 254
5 105 118
27 125 169
14 134 158
37 221 264
23 123 151
35 194 232
8 108 131
8 56 75
16 104 122
41 172 215
3 173 218
20 30 53
2 38 63
12 44 61
2 65 70
17 89 110
1 110 118
4 56 62
7 151 161
3 44 71
19 194 216
16 139 166
2 13 21
11 21 44
3 51 70
1 214 231
30 5 46
5 124 144
3 71 77
13 113 149
43 26 74
11 121 137
18 13 53
26 157 193
15 90 109
2 188 196
5 162 171
25 49 80
2 67 92
16 99 127
12 199 222
3 87 121
19 107 152
22 41 88
4 64 71
35 136 173
4 157 176
24 151 184
3 32 38
7 197 208
21 210 258
18 116 164
3 192 198
34 118 166
10 171 196
16 1 36
3 20 28
4 161 169
5 0 7
22 77 104
17 46 66
14 179 225
1 104 112
24 140 167
13 16 49
7 201 233
2 37 59
32 107 145
5 6 15
8 60 93
7 115 127
4 208 226
3 158 179
8 5 33
17 211 238
14 67 101
24 187 217
8 45 74
10 224 240
2 192 203
9 159 178
9 29 66
9 200 214
6 90 116
11 160 187
3 161 169
4 142 154
13 48 75
5 25 59
20 173 196
6 62 77
3 146 154
