500
3 0 5
2 0 6
3 0 7
2 0 8
1 1 9
1 4 11
2 6 15
2 7 19
4 1 10
1 4 13
3 1 11
1 5 16
5 8 24
4 1 7
2 3 8
8 3 14
9 11 32
5 1 8
11 18 36
1 14 19
7 14 29
5 2 9
2 6 23
4 13 24
11 16 38
10 20 38
3 5 24
11 2 30
17 9 38
22 24 48
12 17 50
13 23 47
2 26 32
2 21 32
13 31 58
10 33 48
5 27 34
20 20 50
13 22 41
5 14 30
8 25 46
3 37 54
5 25 37
1 34 80
17 23 64
12 45 65
7 12 33
25 13 42
39 39 81
4 40 76
22 34 65
1 33 52
3 42 62
4 38 65
28 29 62
23 25 73
17 39 78
2 19 33
23 0 47
8 26 36
13 43 62
24 57 99
10 43 77
17 1 45
8 46 81
19 59 108
19 22 73
8 31 45
22 44 94
14 21 58
9 63 78
17 69 97
5 9 22
3 21 28
25 10 40
30 31 76
4 33 41
33 59 107
11 28 45
7 57 96
20 22 53
28 79 115
40 51 101
32 33 68
5 7 15
3 42 47
13 17 35
14 19 48
10 9 23
5 30 61
14 88 118
3 13 22
28 81 113
3 15 41
8 31 66
5 66 91
13 44 82
15 84 104
1 25 38
11 39 92
12 88 123
3 23 29
12 53 95
4 85 111
20 66 110
4 67 79
6 18 26
2 11 26
3 52 62
2 5 11
42 45 98
6 24 32
30 59 112
3 58 70
27 67 106
2 68 103
16 66 108
14 114 144
14 41 58
8 82 100
28 62 114
4 75 86
4 5 26
24 52 85
3 96 113
14 120 140
10 32 46
5 57 103
3 10 19
25 45 79
12 14 54
1 101 121
35 12 49
28 69 112
25 80 130
30 100 145
23 34 59
1 50 61
28 104 152
18 128 176
21 15 53
32 33 78
43 33 87
24 15 47
11 12 41
20 18 47
3 55 65
5 96 147
17 58 88
11 64 77
5 37 69
10 75 123
12 112 156
17 24 45
4 53 82
22 47 101
12 25 51
10 10 48
40 59 110
11 122 167
6 51 68
22 67 98
13 133 173
42 28 73
6 54 94
3 82 118
12 13 47
10 155 167
16 25 46
6 6 15
11 60 81
9 128 152
7 27 45
6 22 31
10 92 128
46 10 63
13 87 109
26 145 176
4 75 82
34 61 99
7 102 111
30 25 74
18 3 51
11 146 189
25 93 123
31 61 98
42 148 201
21 147 185
36 103 157
17 24 75
16 65 87
5 56 65
28 80 118
10 57 84
25 133 169
14 103 127
2 23 38
19 135 157
37 111 154
17 53 96
18 187 230
18 104 148
45 113 161
3 134 144
6 40 83
33 124 169
2 134 142
26 201 235
3 119 149
27 174 224
21 126 149
8 142 176
25 207 240
21 180 213
2 1 48
4 50 64
5 151 183
23 112 154
15 141 164
4 174 200
5 23 30
15 105 127
22 3 34
6 196 241
32 5 42
9 105 153
3 6 13
17 188 239
4 112 149
22 174 206
43 89 138
2 100 115
6 189 239
10 230 264
2 107 113
8 172 184
4 167 221
27 179 230
47 229 282
17 163 183
2 70 99
9 73 101
19 175 204
2 136 156
16 220 246
4 97 117
11 6 23
11 34 87
2 175 186
3 219 226
2 227 257
5 66 99
1 5 16
18 72 111
26 152 189
2 92 100
15 236 274
25 44 90
2 169 175
17 191 216
37 166 212
33 184 230
13 70 105
1 59 68
5 94 107
21 176 200
3 149 155
1 2 11
12 38 86
5 227 239
18 144 164
27 10 41
1 159 165
8 132 143
29 81 130
9 210 221
8 72 117
19 134 159
6 239 269
13 53 102
29 104 137
12 220 256
4 94 106
1 249 255
25 151 178
40 115 164
12 14 48
36 92 134
5 100 108
3 116 123
8 32 70
24 129 183
11 95 142
14 172 217
16 185 222
8 34 84
10 248 264
17 172 200
2 178 192
9 171 187
16 28 57
17 91 119
17 204 245
28 54 97
13 191 235
27 140 172
7 83 98
23 184 211
5 45 53
10 228 247
4 167 203
4 77 129
8 240 256
10 116 131
16 171 209
13 108 144
2 90 95
6 248 285
36 169 219
10 147 163
20 124 163
7 73 123
26 146 194
5 239 276
1 95 102
16 113 148
3 66 71
27 49 78
10 81 103
25 153 180
4 79 109
13 156 178
6 241 251
8 94 109
10 154 190
3 198 222
14 86 102
1 19 27
6 82 107
2 226 256
39 89 132
1 66 119
4 245 265
33 35 71
7 12 21
38 228 271
41 190 243
42 242 295
3 14 20
7 14 65
1 233 259
27 156 190
5 86 98
2 87 102
7 58 94
9 182 232
32 114 150
27 239 270
6 153 191
29 1 47
24 96 133
13 249 297
38 176 226
3 26 31
21 126 149
13 218 240
1 16 46
9 54 90
24 6 59
2 65 79
33 112 163
35 27 64
2 215 222
7 35 44
21 81 115
4 159 172
45 94 147
17 76 106
1 236 247
1 129 146
16 39 59
7 77 87
37 141 184
19 237 271
43 152 205
22 201 240
7 221 242
9 190 208
8 87 98
40 86 137
13 90 109
20 235 284
13 96 135
27 14 63
35 2 53
15 101 124
7 188 201
12 132 165
5 209 224
8 98 115
11 195 211
36 123 162
24 2 54
34 67 108
27 105 138
3 161 181
1 86 91
8 86 101
15 53 72
43 58 109
8 31 42
2 120 157
29 238 287
19 203 238
44 243 295
23 199 252
18 178 221
6 80 113
1 141 148
24 221 269
23 209 245
29 107 140
3 164 172
6 227 236
41 18 65
36 172 216
19 174 216
24 33 66
21 107 141
2 97 141
5 117 144
6 123 172
37 212 253
17 212 233
32 100 147
19 219 240
3 93 99
34 72 121
14 119 139
9 101 126
46 24 74
13 240 269
2 77 82
23 167 194
13 9 30
19 189 210
44 146 193
36 230 271
11 14 51
11 229 270
3 53 94
33 228 263
28 51 103
5 246 255
5 126 156
2 44 78
4 168 191
16 111 132
11 208 238
27 210 239
12 84 112
7 67 76
2 126 149
2 81 91
5 36 47
41 10 55
11 207 220
14 197 238
1 164 211
10 84 129
4 24 53
19 174 204
23 181 220
46 6 56
5 35 76
5 226 240
1 114 135
34 8 61
5 148 157
17 223 271
17 122 170
1 139 145
32 108 144
48 77 129
17 22 41
5 48 59
11 218 246
35 190 232
27 141 181
28 191 227
6 99 143
10 208 229
6 28 50
18 148 173
18 57 78
4 22 55
3 105 111
34 33 72
1 177 215
2 49 57
