100
23 143 180
17 0 17
17 136 162
4 45 49
3 68 72
17 120 147
12 94 113
4 36 42
17 168 197
11 6 26
16 40 68
16 184 212
11 149 167
23 55 90
4 114 118
4 36 41
2 66 70
4 86 92
17 8 33
11 193 212
2 45 48
17 104 130
16 1 20
2 85 88
17 168 194
12 105 122
4 115 121
11 72 88
3 99 104
17 88 116
4 128 134
23 187 222
4 84 89
23 77 113
2 113 115
2 70 72
12 182 199
4 118 122
2 147 151
12 28 45
11 171 188
3 147 150
16 184 212
23 3 26
11 138 155
11 50 66
4 35 41
16 152 180
16 8 35
2 129 132
4 46 51
3 36 40
3 144 148
3 138 141
4 84 89
17 120 147
12 61 80
2 148 151
16 88 115
23 33 68
16 104 128
3 114 118
17 136 165
11 17 35
4 68 72
4 137 141
17 72 99
11 0 13
12 160 178
4 117 123
22 11 44
16 56 83
17 152 178
16 72 98
4 89 93
3 90 95
3 84 89
3 35 39
4 155 161
16 56 84
17 24 53
22 99 132
2 148 150
22 165 199
12 116 136
3 156 160
3 162 165
16 24 50
2 55 59
11 39 56
2 99 102
12 83 103
11 127 143
23 121 157
4 114 119
4 45 49
16 40 68
3 80 83
3 132 135
3 88 91
