150
2 186 190
16 113 136
4 132 137
13 20 42
2 105 108
4 149 153
2 143 147
25 263 301
3 73 78
16 143 169
25 138 176
4 243 247
3 79 82
14 217 242
15 63 86
14 203 224
2 170 174
16 203 227
2 123 127
15 105 128
15 161 186
4 214 220
3 204 208
4 59 64
2 54 56
4 52 57
4 185 190
4 95 101
15 119 141
3 245 249
2 229 233
14 133 158
14 49 71
3 125 130
4 186 190
3 105 109
2 152 155
2 94 97
16 68 93
4 160 164
3 186 189
15 0 15
2 204 206
14 280 303
4 199 203
3 198 202
13 46 69
4 185 191
3 173 176
15 7 30
15 35 58
2 154 158
16 53 77
15 1 17
3 171 174
4 214 218
14 254 276
14 72 94
3 141 144
4 104 109
4 87 92
26 38 78
26 238 278
14 293 313
14 175 200
2 69 72
2 226 228
4 213 218
13 150 170
2 203 207
4 178 182
3 95 100
15 173 197
16 278 303
2 131 134
26 88 127
3 159 164
16 8 35
15 287 310
3 198 201
2 231 235
14 228 249
15 128 153
14 7 30
3 148 153
13 267 287
4 169 173
14 241 263
15 23 46
16 98 123
15 147 173
13 85 105
16 188 215
15 83 106
25 163 203
26 113 152
15 218 243
26 13 55
14 124 148
15 77 102
13 33 52
15 189 214
4 178 182
2 186 190
26 213 253
13 202 225
15 91 114
3 106 109
2 249 253
15 21 43
15 233 259
3 227 230
3 172 175
2 160 162
14 1 17
14 189 212
3 185 188
14 273 297
13 98 120
4 171 175
16 248 273
3 197 201
16 158 184
14 137 158
14 259 281
14 231 252
25 188 229
14 245 270
15 263 287
4 244 249
26 0 26
14 163 186
2 57 59
2 106 108
2 53 56
3 158 162
4 250 256
2 227 231
4 197 203
2 122 126
13 59 82
3 202 205
25 63 101
2 187 191
4 77 81
4 153 158
14 176 196
15 38 62
14 215 239
13 111 130
