200
13 306 326
14 105 129
12 378 396
13 318 340
3 144 148
24 380 416
13 222 243
2 180 182
2 256 259
3 173 178
2 299 303
18 179 209
2 326 330
17 315 344
4 145 149
2 256 259
14 259 284
2 290 294
12 126 144
4 242 247
4 226 230
2 210 213
17 94 121
17 77 102
4 241 245
18 264 291
3 122 125
23 0 24
13 354 375
24 104 143
15 189 214
3 326 330
14 133 155
12 1 14
2 279 282
15 217 239
15 63 86
15 35 61
24 334 370
4 88 93
12 42 64
15 119 143
23 265 299
2 77 79
14 21 43
4 88 94
17 230 256
3 102 105
13 114 136
15 147 172
4 70 75
14 385 409
3 328 332
18 128 158
4 328 334
4 285 289
2 86 88
13 90 110
15 203 227
3 211 215
18 196 224
17 298 323
15 91 115
4 239 245
3 277 282
3 293 296
2 130 134
3 253 256
12 234 252
24 311 346
12 366 386
24 219 254
2 159 161
4 279 284
2 208 211
23 196 231
2 254 257
2 305 307
3 226 231
17 3 21
13 30 53
13 78 97
18 281 309
17 349 378
2 305 308
4 174 180
17 43 68
4 239 244
15 343 365
4 309 314
14 301 323
3 193 197
17 26 53
14 287 310
13 150 172
2 173 175
12 270 290
2 233 237
4 186 192
4 281 286
23 35 69
15 7 31
3 136 139
13 210 232
3 193 196
3 324 327
24 12 47
4 227 233
12 162 180
17 383 410
13 6 29
2 187 190
14 357 379
14 371 392
4 256 261
18 213 240
3 310 315
24 58 96
3 278 282
13 282 305
24 288 326
12 66 86
17 9 37
15 329 351
2 124 127
4 209 214
12 258 279
24 357 396
2 299 302
15 273 299
13 294 313
4 285 290
23 150 187
2 327 331
3 68 72
4 301 306
4 324 330
14 77 98
12 198 217
4 172 176
2 256 260
3 327 332
18 145 172
14 231 256
2 285 287
18 247 277
17 162 188
17 60 89
17 332 357
14 161 185
17 111 140
15 175 201
2 141 145
14 1 15
13 186 206
12 174 193
2 98 102
3 292 297
4 256 261
3 328 332
13 138 158
15 315 339
2 271 273
4 98 104
2 202 205
13 390 412
4 280 284
14 49 70
14 245 269
4 174 178
2 323 325
23 127 163
2 313 315
4 324 330
4 100 106
3 281 286
13 342 363
3 158 161
13 18 39
12 54 76
4 173 178
3 233 238
13 102 124
4 327 332
2 97 99
23 242 279
12 330 349
2 71 74
3 68 71
2 257 259
24 173 208
4 145 151
2 256 260
4 115 121
3 217 220
23 81 116
12 246 266
17 366 395
3 291 295
2 209 213
