250
3 394 398
17 264 290
16 280 307
3 222 225
2 312 315
26 213 255
15 147 173
3 293 298
16 56 81
13 186 208
3 164 167
2 115 117
12 402 422
15 259 283
3 180 185
17 168 195
3 100 103
16 184 209
3 274 279
13 426 445
16 344 368
14 119 141
4 337 343
16 200 224
12 414 432
14 483 506
3 174 179
4 353 358
13 474 494
2 386 388
4 292 298
15 7 30
4 378 384
14 91 114
3 161 164
3 111 115
2 293 296
3 174 179
14 203 225
4 265 271
26 363 402
2 174 176
16 120 144
2 214 216
4 275 279
26 463 505
2 338 340
12 306 325
12 366 384
16 408 433
3 245 249
26 263 304
3 310 315
4 111 116
2 104 108
4 244 249
12 198 220
4 292 297
13 126 145
4 377 383
16 424 452
4 353 357
25 38 76
2 214 216
14 315 336
4 158 162
3 360 363
3 243 248
2 145 149
2 308 311
2 88 91
16 248 273
15 245 267
3 291 295
13 246 265
2 355 359
16 456 480
15 413 438
2 174 178
15 21 44
17 72 101
15 399 423
2 164 167
3 124 128
26 288 329
15 343 369
16 376 402
17 392 420
12 90 111
4 306 311
25 138 177
25 388 428
4 242 247
4 306 312
2 114 116
15 287 310
12 6 27
12 54 75
12 66 87
2 113 115
4 318 324
2 111 114
16 24 48
17 152 179
2 162 165
25 113 150
14 217 241
4 146 151
12 462 482
2 338 340
14 49 70
4 186 190
15 301 327
4 360 365
2 277 279
2 231 233
13 30 52
4 381 386
12 450 468
2 256 258
14 427 451
4 317 322
12 378 399
12 174 196
17 232 259
4 326 330
3 354 357
12 270 291
3 257 261
13 330 351
25 188 227
14 441 465
2 378 380
2 379 383
15 385 409
3 151 154
13 438 457
26 238 277
3 404 407
14 105 126
4 177 181
15 231 257
12 342 360
15 63 85
26 338 377
3 283 286
12 222 241
2 377 379
13 102 123
13 318 340
26 4 30
4 243 249
14 0 15
12 390 409
16 328 355
2 147 150
13 138 161
2 102 105
14 189 213
3 201 206
13 354 376
4 100 105
14 371 392
16 8 36
3 404 407
2 411 414
13 234 257
2 260 262
15 161 186
2 186 188
2 209 213
3 311 314
2 304 307
3 284 289
3 277 280
14 77 98
4 115 120
4 197 201
3 341 344
4 277 281
17 296 321
4 304 310
2 278 280
12 282 304
2 362 364
17 440 467
3 295 298
12 294 316
13 486 506
3 123 127
15 455 478
12 210 231
4 362 368
25 63 103
25 163 200
2 257 261
26 438 476
13 162 184
2 243 245
3 242 246
2 370 373
12 42 60
14 273 295
17 88 113
15 133 157
16 216 243
13 150 172
4 409 414
2 369 373
4 354 359
4 295 301
3 243 248
25 313 352
25 88 128
3 105 108
3 385 390
3 328 331
3 225 228
17 40 68
16 472 498
3 379 382
17 488 516
12 0 16
16 312 337
25 413 451
4 279 283
2 180 182
25 13 54
3 215 220
17 104 129
3 242 246
14 35 58
2 285 287
13 114 135
15 175 199
14 329 353
13 258 278
14 469 492
13 18 41
2 277 281
13 78 99
4 355 359
4 317 322
16 0 19
16 136 162
16 360 384
15 357 379
3 403 407
3 114 119
2 312 315
