300
19 495 526
14 217 240
19 117 148
16 23 46
17 360 388
16 203 226
4 399 405
19 315 347
2 324 326
2 102 106
3 396 399
15 83 106
4 394 399
2 382 386
3 395 399
17 2 21
3 406 409
17 344 371
15 128 154
16 584 611
15 329 352
16 232 256
4 451 457
18 99 129
16 533 560
3 138 143
2 156 159
16 173 197
4 281 286
19 441 471
16 184 209
2 394 397
2 148 150
15 273 295
3 333 336
17 520 545
15 287 313
16 136 162
15 161 187
19 171 199
2 307 309
15 503 526
15 399 423
14 427 449
16 312 338
2 242 244
16 456 484
2 454 456
3 359 363
3 199 204
2 422 426
16 443 470
16 392 417
3 142 146
2 198 201
16 113 137
15 488 512
2 406 409
15 315 338
14 581 604
15 548 574
15 35 58
2 149 152
2 449 452
16 233 256
14 49 70
19 27 56
17 424 449
15 385 411
18 261 290
15 301 323
2 283 286
4 398 403
4 173 179
2 361 363
3 275 278
2 349 351
15 175 197
19 459 491
14 245 268
16 152 179
2 269 273
4 254 260
2 199 203
16 293 319
15 473 498
16 338 361
3 419 424
15 469 494
18 9 40
2 256 258
4 467 473
15 3 18
4 325 330
3 244 247
3 200 205
16 368 394
4 210 215
15 91 116
15 413 435
14 203 226
2 224 226
15 308 333
4 452 457
4 219 223
18 45 72
3 108 111
15 353 379
4 383 387
3 275 279
2 422 424
2 166 170
4 354 359
18 243 273
3 420 423
3 237 240
3 492 495
4 327 333
3 213 217
15 455 480
3 481 485
4 306 310
2 174 176
3 389 393
4 200 205
2 198 200
16 413 437
2 396 398
4 349 355
2 303 305
15 483 507
14 231 253
19 297 327
4 201 206
3 384 388
3 424 429
16 398 422
17 296 323
2 108 110
18 405 432
3 224 228
14 7 30
19 135 165
18 477 508
3 397 400
2 199 202
2 470 474
15 458 481
2 352 355
2 212 216
17 72 100
15 578 604
4 494 498
2 197 199
17 568 594
4 291 295
3 180 185
15 143 168
16 518 545
17 248 273
4 438 444
17 88 117
2 243 246
3 472 475
2 472 475
2 184 187
4 225 231
14 147 172
15 1 16
4 405 409
15 158 184
3 472 476
14 371 394
4 362 367
15 188 210
16 472 496
17 216 241
14 21 42
4 163 169
14 539 562
15 263 285
16 218 242
3 107 112
2 303 305
16 563 586
17 40 65
4 349 354
3 325 329
3 102 105
18 4 22
17 552 577
16 536 560
19 279 307
17 104 129
4 138 143
2 163 166
4 184 189
2 434 437
3 396 400
4 257 261
4 471 476
16 38 63
16 8 34
2 198 200
2 255 258
3 339 342
18 531 561
4 137 142
2 185 187
15 189 213
14 119 142
4 328 334
14 441 466
18 225 255
4 395 399
4 200 204
19 387 419
15 428 452
3 219 222
3 396 399
15 383 406
3 292 297
4 258 262
4 451 456
15 497 519
4 227 232
4 333 339
19 549 578
19 207 236
16 98 122
18 585 613
16 376 404
2 304 307
14 553 577
2 129 132
19 369 397
17 24 53
15 68 94
16 53 78
16 323 348
18 81 111
17 504 531
18 153 183
4 290 296
4 184 189
19 513 544
15 77 102
15 567 591
2 185 189
3 380 384
2 481 485
17 328 357
14 133 156
15 63 89
2 275 278
2 185 187
15 343 366
18 189 217
3 271 276
19 63 93
16 8 32
16 120 147
17 264 293
17 440 467
2 165 167
19 351 382
4 437 442
3 439 442
18 423 450
3 329 334
16 488 512
2 338 340
2 200 203
15 511 535
15 357 381
16 280 305
18 567 597
3 308 311
4 396 402
16 168 196
3 294 299
2 419 423
2 472 475
3 497 501
2 118 120
14 259 281
14 105 128
17 408 437
15 248 270
17 56 83
18 333 361
16 200 224
2 147 151
4 481 485
4 396 401
14 525 546
4 417 421
4 226 231
2 471 475
15 278 303
