350
14 488 511
3 393 398
2 155 158
2 549 551
4 408 413
2 287 291
18 26 54
3 137 140
17 3 20
16 518 542
18 570 597
2 335 339
2 564 568
14 371 392
3 155 158
14 423 446
15 563 587
16 8 31
4 560 565
18 638 666
18 621 647
4 121 127
4 513 517
13 189 212
4 409 415
17 179 206
3 140 144
17 689 714
4 212 218
4 273 278
2 240 244
4 287 292
4 159 164
18 468 497
16 653 679
16 293 318
17 502 530
13 85 104
13 319 339
18 332 361
13 163 182
14 7 27
3 260 263
3 451 456
4 159 165
2 214 218
17 570 598
2 168 171
16 188 212
2 183 185
3 377 381
2 172 175
17 247 274
3 406 410
18 247 273
17 111 140
15 203 225
17 519 547
17 468 497
3 307 312
2 381 384
13 241 263
15 113 135
4 529 534
17 502 528
13 215 238
16 173 199
14 202 222
18 179 206
3 368 373
15 428 450
17 655 681
14 267 287
2 470 472
14 527 549
18 400 429
14 410 430
3 355 359
14 33 53
13 254 274
4 484 490
4 320 324
18 366 396
14 3 17
17 9 34
4 379 384
4 148 154
16 218 242
17 417 445
3 498 503
17 196 223
17 315 341
3 448 451
18 26 54
3 479 484
13 631 654
3 239 244
13 553 572
18 94 121
13 579 598
4 214 220
16 608 635
13 345 367
4 121 126
15 263 286
17 230 255
15 398 423
4 274 279
2 224 226
3 121 124
3 120 125
3 393 396
16 23 46
4 469 475
3 275 280
18 162 191
4 410 415
3 158 163
16 53 78
17 94 123
14 540 560
15 548 574
18 281 307
15 158 180
15 683 705
2 222 224
2 170 172
13 644 666
13 20 39
4 564 569
17 587 614
17 349 374
13 462 483
2 366 370
4 448 454
4 136 142
14 514 535
3 480 484
2 239 242
4 429 433
17 332 358
4 326 330
2 341 344
14 124 147
14 176 197
15 638 662
4 306 310
17 1 18
3 309 314
16 503 528
4 221 226
13 618 640
4 481 486
2 367 370
3 326 330
15 278 304
17 672 700
4 259 263
14 98 120
16 83 106
2 451 454
2 171 174
18 638 664
4 194 198
15 128 154
3 365 369
2 123 125
13 449 468
15 458 483
2 342 346
18 604 634
3 275 280
17 451 476
3 241 244
4 497 501
18 60 89
3 561 566
4 515 519
2 317 319
4 528 534
17 536 562
3 360 363
13 657 677
17 434 460
17 111 138
4 310 314
4 223 228
18 587 613
13 475 494
17 213 239
18 672 698
15 533 556
2 422 425
2 366 370
16 623 646
4 224 228
3 206 211
18 77 107
17 196 221
4 398 402
18 451 479
4 296 300
13 683 706
16 488 515
17 145 170
2 222 226
4 316 321
3 395 399
18 43 70
4 208 213
2 180 182
17 9 37
18 60 88
18 553 583
17 383 412
17 621 648
3 560 563
18 213 239
3 124 128
18 264 294
15 368 393
4 306 312
3 320 323
15 338 364
4 462 467
3 378 383
17 417 446
18 485 512
2 121 125
4 241 245
17 485 513
4 528 532
2 327 329
2 198 200
14 280 302
14 566 590
2 206 210
2 287 290
15 473 495
14 228 252
3 460 464
3 513 516
4 257 262
13 332 355
2 253 255
16 38 62
17 536 563
3 524 527
3 397 400
18 553 580
18 43 71
14 384 404
16 233 258
2 529 533
2 480 482
3 239 243
3 478 482
14 592 613
18 298 326
2 193 195
2 140 142
13 111 132
4 275 279
17 689 718
17 281 308
3 497 501
4 560 566
16 323 346
2 142 145
15 353 376
16 248 273
3 123 127
15 668 691
3 414 418
18 230 259
4 169 173
18 519 545
4 328 332
3 206 211
16 143 167
2 124 126
4 394 398
14 72 96
13 137 158
3 537 541
3 524 528
4 450 454
3 497 500
4 458 464
17 145 170
16 383 408
15 68 90
16 578 601
4 424 429
15 4 19
4 514 520
17 604 633
3 260 265
4 259 265
18 349 376
3 181 184
13 358 379
17 383 411
15 443 469
4 378 383
3 431 435
18 128 157
14 605 627
16 308 333
2 513 517
18 298 326
13 436 458
13 46 67
13 670 693
3 242 246
2 376 379
3 462 465
4 460 466
18 400 428
14 397 421
4 182 186
18 655 684
4 182 188
13 59 81
18 366 396
3 560 563
18 77 105
15 413 439
18 128 155
15 98 121
15 593 615
17 434 460
4 243 247
13 293 315
18 162 192
13 150 169
3 513 516
4 123 129
2 308 310
13 501 522
2 253 255
17 315 341
3 545 549
3 397 402
4 522 528
18 264 294
2 447 449
14 306 326
2 410 414
3 167 172
