400
16 143 167
2 200 204
2 172 174
2 634 638
2 551 555
4 400 404
4 662 667
4 471 477
16 353 378
14 696 716
13 267 288
2 422 425
2 345 347
19 333 363
4 628 634
2 472 475
18 604 632
18 477 507
16 23 46
3 222 227
16 383 409
3 486 489
14 488 511
3 524 529
17 196 223
2 173 175
17 519 545
2 317 319
2 584 587
3 663 668
14 306 330
18 587 615
4 440 444
2 327 331
18 60 86
4 274 280
16 308 335
3 458 463
2 615 619
17 774 800
13 436 458
3 149 154
19 585 613
4 276 280
3 364 368
17 689 715
3 311 316
18 693 724
13 787 810
14 0 18
4 525 530
18 655 684
18 639 666
3 543 548
13 332 355
18 603 631
2 430 434
3 474 478
14 20 42
3 226 229
19 459 489
3 168 172
14 254 278
3 152 155
4 331 335
15 293 316
17 706 734
16 683 706
4 242 248
4 483 489
15 338 363
13 163 183
3 364 368
4 137 143
16 68 94
4 601 607
3 368 373
17 621 650
14 345 367
4 583 587
15 53 76
18 791 819
3 588 593
16 533 560
3 483 488
3 394 398
4 617 623
2 152 154
17 230 258
15 653 676
3 448 451
19 621 651
18 4 22
4 330 334
4 378 382
14 215 237
3 310 314
2 193 195
18 261 290
14 553 575
15 623 648
15 398 422
15 773 797
19 675 706
4 357 363
14 384 407
16 188 211
3 581 584
14 514 537
18 351 382
4 587 591
3 430 434
2 154 158
16 248 273
2 542 545
13 540 563
2 539 543
17 264 292
2 440 443
4 303 307
19 99 131
17 366 394
18 485 514
16 173 200
19 513 541
2 364 368
2 640 642
4 275 281
4 560 566
2 345 348
3 258 261
4 473 478
15 563 587
14 176 199
13 33 53
3 547 550
16 548 574
14 709 729
19 189 220
14 358 379
2 617 620
4 225 229
13 774 795
3 383 387
2 433 437
3 508 511
2 471 473
15 83 107
15 698 723
4 441 447
3 525 530
2 275 278
4 429 435
2 582 584
2 542 545
18 243 271
15 428 450
15 473 496
2 137 141
13 683 703
14 371 392
2 471 474
15 278 303
17 43 72
13 46 68
17 128 155
2 241 243
14 670 692
18 77 106
3 616 621
14 98 121
18 111 137
15 233 258
15 758 784
16 743 766
17 417 446
13 280 300
17 400 428
4 300 306
3 648 651
3 627 632
15 638 660
19 711 740
4 275 281
17 349 376
2 395 398
17 179 205
3 657 660
4 274 278
19 153 183
2 616 618
3 599 603
3 514 517
4 235 239
3 337 342
4 657 662
16 788 815
4 460 464
14 111 134
3 227 232
19 279 309
18 783 811
17 757 786
18 383 412
3 454 457
2 652 654
2 543 546
3 392 396
18 207 234
16 578 601
19 747 775
14 7 27
3 349 352
3 411 415
2 650 654
4 256 260
2 495 499
2 345 348
16 218 245
2 257 261
18 281 310
13 527 550
18 553 582
13 592 614
2 430 433
2 636 640
19 315 344
4 496 501
4 276 281
3 365 370
13 293 314
3 174 177
14 462 482
18 423 453
2 378 382
16 503 529
4 275 281
16 443 470
4 440 444
3 378 383
14 579 600
3 169 173
19 225 256
3 447 452
2 422 426
13 319 342
18 332 362
4 577 582
13 748 768
13 228 247
4 662 668
16 593 616
18 570 599
3 541 545
17 434 461
3 543 546
16 158 183
14 137 160
2 381 383
3 309 313
3 228 233
14 124 144
16 518 541
18 672 702
14 722 744
18 567 596
4 599 603
18 9 35
3 337 341
19 27 57
19 765 794
4 447 451
19 63 94
18 213 240
14 202 225
3 496 501
2 344 346
19 369 399
16 323 349
2 211 214
13 241 262
4 566 571
4 391 397
4 377 383
3 170 175
15 203 227
4 248 253
18 468 495
4 274 279
16 368 391
18 9 40
18 549 579
17 723 750
14 566 587
3 350 355
13 449 472
15 8 33
18 740 767
15 0 17
14 397 420
2 651 654
4 634 640
3 459 464
14 631 655
13 657 679
4 596 602
17 536 564
16 713 737
3 483 488
18 298 328
18 162 191
4 589 595
3 416 420
2 543 547
4 579 583
18 531 559
19 171 201
16 98 125
15 113 135
15 413 439
13 423 442
13 85 106
19 117 148
3 458 463
13 735 754
15 728 752
18 729 757
13 59 80
19 1 23
3 364 367
3 399 402
3 157 161
4 428 432
18 441 471
3 547 552
18 315 345
2 561 564
4 600 605
13 618 639
2 564 566
3 365 369
18 26 54
13 410 429
2 304 307
16 488 512
18 247 274
3 575 578
4 135 141
3 392 396
2 614 617
2 542 545
4 271 275
2 413 416
18 495 523
3 400 403
15 608 634
3 260 264
18 94 120
2 260 262
14 150 172
3 330 334
2 134 137
16 128 152
19 45 73
19 135 165
18 638 665
3 574 577
2 259 263
13 72 94
4 480 486
2 302 306
13 644 663
15 38 60
18 387 414
4 289 293
4 531 537
2 166 168
19 405 433
18 297 327
2 227 231
18 502 531
19 81 111
16 263 288
14 761 781
16 668 692
18 657 688
2 335 338
14 189 211
17 145 170
17 451 480
4 248 254
14 501 523
13 605 626
3 376 381
2 651 654
15 458 484
4 247 253
2 632 634
2 262 264
13 475 496
