450
3 274 277
2 534 538
17 1 20
16 353 380
3 319 323
14 161 186
16 520 545
18 819 850
4 451 457
15 83 106
3 732 735
15 693 717
15 98 122
19 531 560
2 396 399
16 808 836
3 380 384
14 791 816
16 712 738
16 248 273
14 637 660
15 119 142
16 264 291
15 679 702
17 648 677
3 738 743
2 690 693
4 667 672
15 218 240
2 241 243
15 368 392
17 184 210
2 180 184
16 488 516
15 758 780
4 579 584
14 189 213
3 668 672
4 212 218
16 173 200
3 260 264
4 292 296
16 308 335
18 423 450
2 615 617
2 546 549
17 152 181
17 344 371
2 284 287
4 156 162
4 702 707
2 167 169
15 105 129
4 451 457
3 649 653
14 91 113
4 665 671
2 221 225
4 450 455
14 77 102
16 803 827
19 585 613
3 310 315
2 660 663
16 840 864
3 706 711
17 200 228
4 507 511
2 304 308
19 693 722
15 128 151
3 352 357
4 241 247
17 24 50
3 547 551
2 677 681
16 728 751
15 578 601
4 242 248
4 164 170
2 215 217
19 747 779
15 511 537
2 528 530
15 329 351
16 743 769
18 45 72
15 497 522
17 408 437
15 231 254
4 408 412
15 143 168
2 439 442
17 232 257
18 711 738
15 293 317
3 417 421
4 620 625
3 184 187
16 744 769
3 350 354
2 708 710
16 473 496
2 326 330
14 749 771
15 398 424
2 632 634
3 268 272
19 63 94
14 847 872
16 792 820
2 258 262
19 855 884
4 577 581
3 351 356
3 171 175
16 563 590
17 328 357
15 763 787
3 311 316
4 237 242
2 620 622
2 171 173
17 216 241
18 9 40
16 23 50
2 196 198
19 189 219
15 698 721
17 440 465
15 735 757
14 217 240
3 194 199
2 359 362
4 292 297
17 680 705
3 326 331
2 337 339
3 165 168
2 336 338
18 675 702
19 495 523
15 158 183
16 833 856
4 201 205
3 339 342
3 258 261
15 683 707
4 567 572
4 661 667
4 499 504
14 833 857
15 301 324
16 203 229
3 522 527
2 361 364
4 545 551
14 553 575
2 348 351
17 664 693
4 186 191
15 623 646
16 136 164
14 0 17
3 634 639
15 8 34
16 668 693
3 202 205
2 450 452
2 381 384
14 343 368
3 498 503
19 243 271
2 453 457
17 296 324
18 837 866
17 552 578
4 214 220
4 389 393
18 315 346
16 8 36
4 346 350
16 278 302
15 21 44
2 256 260
17 88 115
3 158 162
16 773 797
4 294 300
2 427 429
3 564 567
14 371 395
14 385 407
15 338 360
18 405 435
4 273 279
18 153 180
2 564 568
16 593 620
16 824 849
19 603 633
15 357 380
3 540 544
4 602 608
2 186 188
16 638 664
14 147 170
19 207 235
3 527 532
4 679 684
3 666 669
2 633 637
4 704 710
15 651 677
15 68 92
3 194 198
4 381 385
15 458 481
4 717 723
18 99 127
2 284 286
16 696 721
16 1 17
19 621 651
2 242 244
19 297 329
2 534 538
2 200 202
15 469 493
3 200 203
3 523 526
3 694 697
3 702 705
14 441 465
2 602 606
16 40 65
17 280 308
4 575 579
18 225 255
3 532 537
3 628 632
2 709 713
14 259 284
19 441 472
2 740 744
19 81 109
14 623 647
3 590 594
15 665 689
2 614 616
18 513 540
3 641 645
2 499 502
14 63 86
16 248 274
18 171 198
4 724 728
15 427 451
2 230 233
4 439 443
19 477 506
2 409 413
16 113 139
3 483 486
14 595 618
3 709 712
4 677 681
4 241 245
4 546 552
17 728 754
15 53 77
15 383 407
15 653 677
15 713 735
18 351 379
4 579 583
4 473 478
15 707 730
4 590 595
4 544 548
4 389 395
4 366 371
17 360 388
15 413 435
2 194 197
4 601 607
14 35 60
2 436 439
3 517 522
14 273 294
4 453 457
3 415 420
4 678 682
16 104 128
2 183 187
18 729 758
19 3 22
15 848 871
14 483 506
2 156 159
3 474 479
14 721 743
3 632 636
16 323 350
19 783 814
16 188 213
18 549 577
18 27 55
3 545 549
17 120 148
2 324 328
16 488 515
2 396 399
4 485 490
14 525 546
18 639 667
3 702 705
17 760 788
2 662 664
3 380 383
4 228 233
4 336 340
16 872 898
3 642 646
15 428 451
19 567 598
2 613 615
3 180 184
15 7 30
4 691 695
16 632 660
17 568 597
3 469 474
19 117 149
4 516 521
2 565 567
15 875 897
2 600 604
15 315 340
15 518 543
3 195 198
4 240 244
19 135 166
4 466 470
14 889 911
3 451 456
3 449 453
15 49 75
16 376 402
4 721 725
4 169 174
16 776 804
3 329 332
18 333 364
16 168 194
17 472 497
14 287 308
2 690 693
2 439 441
4 359 365
15 399 425
15 233 258
16 788 813
4 634 640
14 777 800
15 203 228
2 450 454
15 567 590
15 819 841
14 413 438
16 38 65
16 878 905
2 259 263
4 153 158
16 456 483
14 581 604
15 533 558
14 609 632
3 243 247
17 600 628
14 175 198
2 396 399
3 293 297
3 269 274
17 856 884
3 196 201
19 801 832
16 503 527
15 133 156
17 504 532
15 443 468
3 516 521
3 353 358
18 261 291
3 158 163
17 584 613
3 382 387
2 516 520
17 312 339
4 451 457
16 863 887
16 392 417
14 455 480
16 888 916
4 575 581
3 242 247
4 362 368
2 590 594
3 326 330
4 396 400
15 861 884
4 304 308
15 818 840
15 608 630
2 647 651
2 452 454
16 56 84
4 258 263
3 743 748
15 539 565
4 590 595
2 482 486
4 632 637
3 171 175
2 648 651
18 765 795
4 291 296
18 369 396
18 459 489
4 738 744
15 263 285
16 72 96
19 279 311
17 616 641
15 805 830
19 873 903
15 548 573
4 219 223
4 534 540
18 387 415
15 245 268
4 602 607
17 424 449
17 536 563
18 657 687
3 723 727
3 435 440
3 339 342
2 418 421
2 271 275
