500
4 665 671
14 119 142
17 264 290
17 485 511
4 688 694
14 581 605
2 524 526
15 343 368
4 703 709
4 340 345
3 398 401
4 200 205
3 751 755
18 135 165
4 704 708
3 328 332
18 9 37
3 495 498
3 473 477
14 567 592
14 735 759
17 213 241
18 740 767
15 287 313
3 732 736
14 329 351
4 202 206
17 519 548
3 467 471
3 651 654
14 595 620
14 973 998
2 423 426
2 715 719
4 819 825
18 315 341
15 49 71
15 763 786
4 241 246
18 945 975
2 819 821
14 553 578
15 917 942
2 814 816
14 721 744
2 479 481
18 672 698
4 532 538
19 837 866
4 594 598
2 758 762
14 399 422
4 594 600
14 483 504
18 842 870
2 828 830
3 198 203
14 525 550
19 297 327
19 351 383
3 781 784
2 326 330
14 245 266
2 256 260
17 383 410
4 829 835
14 7 28
4 352 356
15 665 688
3 737 741
4 478 483
3 773 778
14 987 1009
2 814 817
4 296 301
2 579 581
15 511 534
18 675 703
14 455 479
3 673 677
18 927 956
15 791 813
3 736 739
15 889 912
17 536 561
15 91 115
14 679 703
2 327 329
18 230 259
4 540 544
18 77 107
2 296 300
15 245 268
3 241 246
14 651 673
15 35 57
3 784 787
4 214 219
4 364 370
4 339 344
3 784 787
3 352 357
2 595 599
15 847 873
2 216 219
3 460 463
14 791 815
3 423 427
18 729 759
3 481 485
3 705 709
15 189 212
4 690 694
3 494 497
2 505 508
4 532 536
2 814 817
4 773 779
17 570 595
18 638 664
4 661 666
3 684 687
15 805 828
19 99 131
3 461 464
14 2 16
4 804 809
15 945 970
3 268 272
14 357 378
3 720 724
18 513 540
18 723 749
2 412 416
19 243 272
3 815 820
18 400 428
14 217 242
3 535 538
19 441 473
4 450 456
18 891 918
18 43 72
3 480 484
15 427 452
4 687 691
3 291 295
18 927 954
17 893 919
17 9 37
19 387 415
19 711 740
14 371 396
14 77 98
14 273 296
2 343 346
15 693 718
2 243 245
4 542 547
18 981 1012
17 298 325
18 189 216
15 987 1009
3 683 688
19 261 290
14 609 630
2 815 819
2 620 622
17 978 1003
2 666 670
2 383 385
2 172 176
3 367 372
2 494 497
15 2 18
14 203 226
4 581 586
19 459 487
15 7 31
17 706 735
3 688 691
4 580 584
3 385 389
15 469 493
18 765 794
18 567 594
2 200 203
2 352 356
19 27 57
2 309 313
14 483 504
15 413 435
18 349 377
4 541 546
17 468 494
18 657 685
17 162 187
2 805 809
4 804 808
18 774 803
4 238 243
3 361 364
2 698 701
15 385 408
2 182 184
4 704 708
18 366 396
2 684 686
4 579 585
4 383 389
2 780 782
3 547 552
18 808 837
4 310 316
19 3 23
2 218 220
3 830 833
2 365 369
4 297 303
19 279 310
18 60 88
3 422 425
3 737 740
15 91 117
15 497 523
2 210 213
14 959 980
15 875 900
4 353 358
4 487 492
15 959 985
18 603 630
14 259 283
14 399 423
14 21 46
3 183 188
4 409 415
3 242 245
18 111 140
19 639 671
2 579 581
18 145 171
3 506 511
18 196 226
17 26 54
2 189 192
4 771 777
3 411 416
18 859 885
18 94 124
15 777 803
4 805 809
2 242 244
18 417 445
15 903 925
18 585 612
19 801 829
3 550 553
3 829 833
3 454 459
4 187 192
2 761 764
15 539 562
14 707 732
15 63 87
4 830 835
14 749 773
14 189 214
15 469 495
15 819 845
14 259 280
14 147 170
3 714 719
14 973 998
14 651 672
3 243 247
3 786 790
3 525 529
4 396 401
4 560 565
14 861 883
3 364 368
3 465 469
14 525 546
4 814 819
3 749 753
14 917 938
18 587 617
3 633 636
2 761 764
14 161 182
2 775 777
14 847 868
14 301 326
14 119 141
3 473 478
18 117 147
15 175 198
18 333 364
18 604 632
3 259 263
3 524 528
18 693 722
14 371 395
4 632 637
15 539 561
14 35 56
14 581 602
14 931 954
4 828 834
4 435 439
15 665 690
19 873 902
15 931 955
15 567 592
15 553 577
4 258 262
3 453 456
15 441 465
4 211 215
3 297 302
3 430 434
4 663 668
14 693 714
14 833 856
3 769 773
4 352 357
14 105 126
2 672 674
15 903 928
2 607 611
3 714 719
14 217 240
2 395 399
4 614 618
3 815 819
2 200 202
19 405 436
2 260 262
14 49 72
15 301 323
4 410 414
3 460 463
15 623 649
15 329 352
4 579 585
3 468 473
17 655 682
15 819 841
3 397 401
18 531 558
18 502 532
19 225 254
3 379 383
2 290 292
18 825 852
18 819 847
15 133 158
14 175 200
4 594 599
15 889 913
18 791 819
3 454 458
4 603 609
2 758 760
2 607 610
14 511 534
3 283 286
18 153 181
14 133 157
18 179 209
14 777 802
15 161 186
14 749 771
19 171 199
14 735 756
2 674 678
4 172 177
3 342 345
15 231 257
4 716 720
14 315 338
2 474 476
17 281 309
3 429 434
15 707 732
14 763 788
3 488 492
18 45 75
18 909 940
2 351 353
3 172 176
15 609 631
2 311 313
19 423 452
4 550 555
4 578 583
15 357 382
2 229 231
2 277 281
14 105 130
17 910 935
2 408 411
3 659 663
14 343 366
18 549 578
4 259 263
4 685 690
19 747 779
18 81 111
2 621 625
4 243 247
15 637 659
3 749 753
3 758 761
18 855 883
17 757 784
2 475 479
18 477 504
14 833 855
18 207 237
14 497 521
18 553 579
18 369 399
2 213 217
4 454 458
2 816 818
15 455 478
18 315 342
4 630 635
4 446 450
15 945 970
3 814 817
2 292 294
15 875 899
4 241 246
15 231 257
4 428 433
14 273 295
15 721 744
15 77 99
3 325 330
3 831 835
18 247 276
4 632 636
18 63 91
17 961 989
18 434 460
17 689 714
18 783 814
19 621 649
18 495 523
2 578 581
4 324 328
2 804 808
3 773 777
2 327 330
15 147 170
17 451 477
2 327 330
18 128 157
2 256 259
17 2 19
14 679 704
15 287 309
14 21 43
14 441 466
15 315 341
14 63 86
15 861 883
4 614 618
4 186 191
2 281 283
3 749 754
2 579 582
2 504 508
19 963 991
4 546 552
4 452 457
15 637 661
17 876 905
14 413 435
14 427 448
2 257 260
4 213 218
15 805 827
3 665 668
14 203 227
17 332 360
14 385 407
18 621 649
4 650 655
15 595 619
2 596 598
17 944 969
15 623 649
3 283 287
4 423 429
3 786 789
3 828 832
