100
29 2 49
25 4 46
14 6 29
7 8 18
27 11 47
13 13 31
12 16 30
6 17 24
26 21 53
15 22 42
15 26 44
10 26 37
8 31 41
26 30 63
25 36 70
8 35 46
2 40 46
28 39 74
25 45 79
9 44 57
15 50 68
7 48 55
15 55 71
15 57 74
4 60 67
6 57 67
10 64 78
28 61 96
11 69 82
7 66 74
6 68 77
14 70 84
9 72 82
6 74 83
28 77 112
15 79 99
10 81 93
3 83 89
4 85 94
27 88 120
10 90 102
8 84 92
3 94 102
6 88 98
10 90 102
9 92 103
29 94 131
1 96 98
28 98 134
4 100 105
4 102 109
12 104 117
14 106 121
9 108 117
12 110 123
5 112 119
4 114 122
29 116 152
3 118 121
29 120 158
1 122 123
25 124 156
27 126 165
5 128 136
25 130 164
15 132 154
29 147 188
27 136 178
8 151 164
27 140 178
5 156 163
12 144 158
4 160 167
28 148 184
9 165 176
8 152 160
11 169 181
2 156 162
1 158 166
6 160 172
12 162 176
7 164 174
6 166 176
2 168 176
28 170 204
13 172 189
15 174 193
7 176 183
15 178 195
11 180 192
12 200 212
12 184 197
25 204 236
15 206 226
4 209 214
26 211 244
26 213 250
4 215 221
4 217 224
25 220 250
