150
12 2 15
25 4 36
29 6 47
13 8 28
8 11 21
7 13 21
4 15 23
27 17 50
8 19 28
10 22 32
6 24 33
3 24 32
7 28 40
13 28 42
11 33 45
5 32 40
15 37 52
2 36 42
3 41 51
4 40 50
6 42 53
28 44 78
5 46 51
15 48 65
26 55 89
15 52 74
27 59 97
6 56 66
1 63 68
5 60 69
3 62 71
28 64 98
25 72 106
6 68 77
7 70 77
2 72 78
11 74 87
29 76 113
15 85 105
12 80 96
11 90 102
8 84 92
5 94 103
25 88 119
8 99 108
14 92 109
15 103 121
10 96 108
8 107 116
12 100 113
26 112 145
4 104 109
28 116 152
27 118 157
4 121 127
26 123 157
14 125 144
4 127 132
14 129 144
1 132 138
8 134 146
9 124 135
6 138 148
4 128 137
29 143 178
28 132 172
4 147 153
28 136 174
26 151 189
3 140 146
25 156 189
27 158 197
2 160 163
15 162 179
1 165 170
9 152 163
6 169 179
2 156 164
15 173 190
29 160 198
15 178 199
4 164 168
6 182 191
27 168 202
5 187 192
6 172 180
5 174 183
25 176 206
10 178 190
5 180 187
6 182 191
9 184 195
13 186 199
14 188 204
15 190 208
27 192 229
27 213 252
28 196 239
10 217 233
27 200 239
7 222 232
12 204 219
12 226 239
1 208 213
4 231 241
26 212 243
29 235 275
25 237 274
27 239 280
10 242 258
26 244 280
3 246 250
9 248 258
9 228 238
2 253 261
7 232 243
10 234 246
3 236 244
5 238 248
11 240 253
11 242 254
1 244 250
14 246 261
8 248 258
2 250 257
11 252 265
6 254 263
10 256 268
5 258 267
29 260 296
12 262 278
4 264 269
28 266 302
2 268 270
5 270 278
13 272 285
11 274 285
3 276 283
5 278 288
4 280 290
4 282 292
9 284 297
3 286 295
28 288 322
4 290 294
5 292 300
10 294 306
5 296 305
14 298 312
4 300 307
