200
9 2 12
2 4 11
28 6 40
5 8 13
5 10 18
14 12 26
5 14 22
8 16 27
8 18 29
25 20 51
26 22 59
1 24 26
3 26 32
12 28 41
2 30 37
2 32 41
6 34 46
6 36 47
25 38 68
26 40 76
8 42 54
10 44 56
29 46 85
11 48 64
7 50 58
13 52 67
10 54 65
11 56 68
10 58 68
4 60 67
5 62 71
5 64 74
26 66 97
11 68 82
11 70 83
6 72 79
10 74 85
7 76 85
15 78 94
25 80 113
10 82 96
28 84 123
28 86 128
8 88 102
8 90 100
6 92 99
29 94 132
14 96 116
28 98 138
10 100 116
4 102 106
3 104 111
6 106 116
29 108 144
3 110 113
27 112 147
6 114 122
7 116 124
9 118 128
9 120 130
2 122 129
4 124 134
7 126 138
6 128 139
28 130 164
10 132 145
7 134 141
1 136 142
28 138 172
10 140 153
6 142 149
4 144 152
1 146 154
1 148 157
5 150 162
8 152 165
14 154 169
7 156 165
25 158 189
12 160 176
1 162 166
7 164 174
3 166 174
29 168 204
6 170 177
27 172 208
10 174 188
4 176 181
14 178 193
9 180 189
1 182 188
14 184 199
5 186 194
13 188 201
13 190 204
13 192 207
5 194 201
9 196 207
25 198 229
5 200 205
13 202 216
26 204 238
14 206 226
8 208 218
10 210 221
7 212 220
1 214 220
2 216 225
10 218 232
12 220 233
14 222 237
3 224 230
4 226 235
8 228 240
10 230 242
10 232 243
26 234 267
4 236 240
13 238 252
10 240 250
12 242 255
2 244 250
5 246 256
1 248 256
15 250 266
12 252 264
4 254 261
26 256 288
3 258 262
8 260 270
3 262 270
2 264 273
1 266 275
6 268 280
1 270 279
4 272 283
15 274 290
26 276 309
6 278 285
28 280 317
26 282 320
25 284 322
25 286 325
8 288 302
26 290 327
27 292 333
7 294 306
11 296 310
9 298 308
29 300 339
8 302 314
26 304 340
3 306 310
13 308 323
3 310 316
7 312 322
11 314 326
26 316 349
26 318 355
25 320 358
28 322 365
2 324 329
11 326 339
25 328 361
5 330 336
1 332 337
1 334 342
9 336 349
14 338 352
26 340 374
11 342 357
25 344 378
11 346 362
9 348 359
3 350 356
25 352 383
13 354 371
7 356 363
2 358 364
10 360 372
4 362 370
9 364 376
25 366 397
27 368 406
26 370 409
27 372 414
3 374 381
15 376 395
2 378 382
8 380 390
11 382 394
9 384 394
25 386 418
6 388 395
14 390 406
14 392 409
9 394 404
13 396 411
8 398 406
11 400 411
