250
6 2 12
28 4 39
8 6 16
26 8 43
29 10 53
5 12 21
15 14 33
27 16 53
12 18 36
8 20 30
2 22 27
11 24 36
3 26 33
27 28 61
9 30 41
7 32 40
10 34 45
28 36 72
27 38 77
3 40 45
14 42 59
6 44 51
26 46 79
26 48 85
13 50 70
2 52 55
8 54 64
9 56 67
3 58 66
12 60 74
13 62 75
10 64 74
15 66 83
1 68 73
2 70 78
9 72 85
2 74 82
12 76 90
1 78 85
5 80 91
10 82 95
12 84 97
29 86 124
11 88 104
2 90 94
25 92 123
29 94 135
14 96 118
1 98 100
1 100 106
9 102 114
9 104 115
6 106 115
14 108 122
12 110 123
4 112 119
2 114 122
14 116 131
11 118 129
7 120 129
6 122 131
11 124 136
15 126 143
5 128 135
15 130 146
10 132 142
29 134 172
9 136 149
7 138 145
29 140 178
9 142 155
2 144 148
25 146 177
12 148 164
8 150 159
29 152 191
9 154 167
3 156 161
3 158 166
7 160 171
27 162 195
27 164 202
3 166 171
1 168 173
13 170 184
28 172 208
9 174 186
26 176 211
1 178 179
25 180 212
11 182 197
10 184 196
14 186 203
3 188 193
5 190 199
26 192 224
11 194 208
26 196 231
29 198 241
9 200 215
9 202 213
9 204 213
1 206 212
6 208 219
28 210 244
28 212 252
7 214 225
10 216 228
1 218 223
1 220 228
29 222 257
29 224 265
29 226 270
15 228 253
9 230 243
9 232 242
8 234 243
15 236 253
15 238 256
15 240 259
13 242 258
2 244 249
15 246 262
7 248 256
26 250 283
4 252 256
27 254 289
28 256 297
10 258 274
5 260 265
15 262 279
10 264 275
14 266 282
13 268 283
6 270 277
4 272 280
29 274 310
6 276 283
8 278 287
5 280 288
3 282 290
8 284 296
5 286 296
6 288 299
15 290 305
8 292 301
14 294 309
13 296 311
3 298 304
9 300 311
7 302 312
9 304 315
1 306 313
3 308 318
29 310 345
5 312 317
28 314 351
9 316 329
26 318 354
8 320 332
27 322 359
2 324 327
1 326 331
10 328 340
9 330 341
9 332 343
27 334 368
12 336 352
15 338 357
12 340 355
5 342 348
6 344 353
12 346 359
29 348 386
12 350 367
26 352 388
12 354 372
11 356 370
3 358 363
29 360 397
2 362 364
13 364 378
2 366 372
4 368 377
7 370 381
25 372 402
28 374 413
12 376 394
15 378 398
4 380 385
25 382 414
8 384 394
2 386 391
3 388 396
12 390 404
9 392 403
1 394 401
25 396 425
13 398 414
15 400 419
11 402 415
3 404 410
13 406 419
15 408 425
9 410 419
2 412 418
3 414 423
15 416 432
5 418 426
25 420 451
5 422 427
13 424 438
6 426 434
13 428 441
12 430 443
6 432 440
6 434 443
28 436 471
7 438 447
6 440 447
1 442 448
26 444 475
25 446 481
29 448 491
25 450 489
4 452 460
15 454 473
12 456 471
4 458 464
15 460 476
6 462 470
5 464 473
12 466 479
6 468 477
7 470 480
8 472 483
26 474 506
10 476 489
14 478 495
13 480 496
29 482 522
2 484 487
9 486 495
29 488 526
14 490 510
29 492 533
6 494 504
26 496 532
8 498 510
4 500 505
