300
25 2 42
5 4 14
7 6 14
25 8 41
14 10 30
7 12 20
28 14 51
3 16 20
12 18 31
10 20 30
6 22 30
13 24 37
9 26 36
12 28 40
14 30 46
5 32 39
2 34 41
4 36 46
15 38 54
13 40 54
9 42 51
11 44 55
29 46 84
27 48 88
3 50 56
15 52 71
9 54 64
10 56 66
15 58 75
25 60 93
12 62 79
2 64 68
26 66 99
5 68 74
15 70 88
11 72 85
28 74 112
7 76 86
4 78 84
11 80 92
2 82 89
4 84 94
14 86 101
26 88 121
3 90 93
11 92 103
2 94 100
11 96 109
29 98 135
12 100 117
9 102 113
14 104 121
27 106 143
10 108 123
1 110 113
5 112 121
25 114 144
26 116 152
13 118 137
2 120 123
12 122 134
13 124 138
26 126 160
12 128 145
14 130 148
11 132 145
14 134 151
4 136 142
14 138 153
3 140 146
2 142 150
7 144 156
6 146 157
3 148 157
3 150 160
25 152 181
28 154 193
11 156 173
28 158 198
10 160 176
29 162 203
9 164 178
7 166 174
14 168 184
1 170 175
2 172 180
14 174 189
27 176 211
10 178 192
5 180 186
13 182 196
2 184 190
2 186 194
8 188 200
2 190 198
29 192 227
25 194 229
2 196 199
4 198 205
29 200 237
29 202 244
13 204 225
8 206 217
1 208 212
28 210 245
27 212 251
10 214 230
14 216 235
27 218 256
5 220 228
11 222 235
6 224 231
4 226 234
10 228 240
1 230 237
14 232 247
8 234 244
8 236 246
13 238 251
25 240 272
2 242 245
25 244 276
4 246 250
15 248 265
3 250 256
25 252 283
2 254 257
14 256 271
8 258 267
3 260 267
26 262 294
4 264 268
14 266 282
14 268 285
28 270 308
9 272 285
5 274 280
9 276 286
29 278 316
13 280 299
28 282 322
12 284 303
13 286 304
27 288 326
11 290 307
5 292 297
10 294 304
12 296 309
9 298 307
4 300 307
4 302 311
5 304 314
15 306 321
7 308 317
25 310 341
9 312 323
6 314 321
6 316 325
8 318 329
15 320 336
15 322 340
6 324 331
27 326 361
2 328 330
25 330 362
10 332 345
8 334 342
14 336 352
11 338 350
9 340 349
8 342 351
29 344 382
14 346 366
8 348 358
4 350 356
15 352 368
2 354 360
5 356 366
6 358 369
7 360 371
10 362 374
6 364 373
13 366 379
15 368 385
1 370 375
8 372 383
9 374 385
13 376 389
15 378 395
29 380 419
4 382 388
14 384 401
1 386 390
25 388 419
15 390 410
13 392 409
6 394 400
2 396 402
28 398 433
11 400 415
15 402 421
6 404 410
26 406 440
27 408 447
7 410 421
6 412 418
15 414 431
8 416 424
25 418 450
8 420 430
6 422 429
10 424 435
28 426 462
8 428 439
10 430 441
8 432 441
8 434 444
13 436 449
28 438 475
26 440 478
6 442 452
7 444 451
2 446 452
29 448 484
8 450 460
13 452 467
4 454 460
3 456 464
25 458 488
5 460 465
10 462 472
27 464 499
15 466 487
1 468 471
15 470 486
5 472 479
15 474 490
12 476 489
13 478 493
9 480 489
9 482 492
2 484 491
5 486 496
11 488 501
27 490 524
13 492 510
5 494 499
29 496 534
3 498 502
1 500 505
12 502 515
14 504 519
8 506 515
12 508 520
12 510 523
9 512 521
3 514 521
15 516 531
26 518 552
15 520 541
3 522 526
26 524 557
13 526 544
2 528 532
11 530 542
27 532 567
5 534 540
3 536 542
29 538 575
8 540 551
29 542 582
7 544 555
9 546 556
12 548 561
8 550 559
27 552 587
7 554 563
15 556 574
28 558 596
2 560 563
1 562 567
3 564 573
14 566 581
2 568 575
2 570 579
15 572 588
2 574 581
8 576 588
3 578 587
8 580 592
14 582 596
11 584 595
1 586 592
7 588 599
27 590 623
13 592 609
15 594 613
28 596 635
28 598 640
9 600 615
