350
11 2 14
29 4 43
12 6 24
15 8 28
10 10 22
1 12 17
29 14 50
25 16 52
6 18 27
26 20 55
8 22 33
4 24 30
15 26 42
4 28 35
5 30 39
7 32 43
11 34 47
12 36 48
5 38 46
6 40 50
25 42 72
13 44 61
8 46 55
12 48 61
2 50 56
6 52 62
8 54 65
8 56 67
12 58 71
9 60 70
15 62 79
8 64 72
13 66 80
26 68 102
13 70 88
6 72 78
11 74 85
26 76 110
3 78 81
9 80 90
3 82 89
4 84 93
26 86 117
1 88 91
26 90 123
2 92 95
25 94 126
29 96 138
12 98 117
13 100 118
7 102 110
28 104 141
13 106 125
13 108 125
15 110 129
10 112 124
4 114 120
29 116 153
2 118 120
11 120 131
26 122 156
5 124 130
13 126 141
26 128 163
28 130 171
11 132 150
25 134 170
4 136 142
25 138 171
12 140 157
13 142 159
5 144 150
28 146 182
28 148 189
1 150 153
25 152 185
7 154 163
1 156 161
2 158 166
25 160 189
14 162 180
7 164 171
1 166 172
12 168 182
10 170 181
1 172 178
5 174 184
14 176 191
11 178 189
4 180 187
2 182 190
7 184 196
12 186 200
11 188 200
7 190 199
25 192 223
29 194 235
11 196 213
11 198 212
5 200 206
6 202 211
29 204 241
2 206 208
10 208 218
6 210 218
7 212 222
25 214 245
25 216 251
3 218 222
12 220 233
25 222 255
5 224 230
7 226 234
8 228 238
6 230 239
5 232 241
9 234 246
5 236 245
13 238 252
6 240 249
10 242 254
1 244 251
26 246 277
7 248 256
26 250 284
14 252 272
7 254 262
7 256 264
11 258 269
13 260 274
11 262 274
1 264 269
2 266 274
3 268 278
28 270 303
2 272 276
28 274 310
14 276 296
5 278 283
8 280 289
3 282 289
15 284 299
10 286 296
15 288 305
4 290 296
2 292 299
6 294 305
12 296 310
15 298 314
3 300 306
5 302 311
9 304 316
15 306 322
11 308 320
11 310 322
28 312 349
7 314 324
6 316 323
27 318 353
6 320 328
10 322 333
6 324 332
7 326 336
13 328 341
15 330 347
9 332 341
10 334 344
10 336 346
7 338 347
12 340 352
6 342 350
28 344 380
4 346 351
5 348 355
1 350 357
8 352 364
15 354 369
8 356 365
27 358 393
5 360 366
29 362 401
27 364 404
27 366 408
1 368 372
29 370 410
5 372 380
26 374 409
9 376 389
5 378 384
13 380 394
7 382 390
14 384 399
2 386 392
4 388 397
12 390 404
29 392 429
11 394 409
28 396 435
27 398 439
11 400 418
3 402 405
9 404 414
25 406 438
7 408 417
6 410 417
9 412 422
8 414 424
10 416 427
6 418 427
2 420 428
12 422 436
1 424 431
1 426 435
29 428 462
5 430 435
9 432 442
1 434 440
2 436 445
10 438 452
4 440 449
4 442 452
11 444 458
5 446 455
4 448 457
1 450 458
29 452 487
4 454 458
4 456 463
8 458 469
8 460 471
11 462 474
3 464 471
1 466 474
2 468 478
5 470 482
15 472 488
26 474 507
10 476 489
25 478 512
14 480 500
28 482 522
3 484 489
2 486 491
14 488 502
14 490 506
25 492 525
1 494 496
8 496 506
5 498 507
25 500 530
7 502 510
13 504 519
2 506 511
7 508 518
5 510 519
5 512 522
4 514 524
5 516 527
13 518 533
13 520 533
8 522 531
10 524 535
29 526 564
10 528 542
4 530 535
1 532 538
6 534 545
7 536 547
3 538 547
27 540 572
9 542 553
9 544 553
14 546 562
3 548 554
8 550 561
15 552 568
9 554 563
7 556 565
9 558 569
2 560 567
7 562 573
13 564 578
13 566 580
2 568 574
10 570 582
14 572 587
9 574 583
14 576 592
13 578 593
1 580 585
29 582 618
3 584 587
8 586 595
7 588 597
27 590 624
29 592 634
26 594 634
12 596 616
13 598 616
7 600 608
4 602 609
9 604 615
12 606 618
9 608 618
15 610 627
5 612 619
8 614 624
7 616 626
1 618 625
15 620 636
6 622 631
3 624 632
5 626 636
25 628 658
3 630 634
8 632 642
9 634 645
9 636 647
7 638 648
13 640 653
10 642 652
13 644 658
8 646 655
1 648 654
1 650 658
2 652 662
3 654 665
27 656 687
9 658 668
8 660 669
14 662 677
2 664 670
29 666 702
29 668 710
11 670 688
11 672 687
27 674 711
7 676 686
28 678 716
29 680 723
7 682 694
10 684 696
12 686 700
8 688 696
15 690 707
8 692 700
14 694 710
3 696 702
11 698 710
9 700 710
