400
27 2 46
3 4 12
12 6 21
2 8 13
9 10 21
11 12 24
15 14 31
29 16 55
2 18 21
1 20 25
13 22 36
13 24 38
9 26 35
7 28 37
11 30 42
8 32 42
12 34 46
8 36 45
28 38 74
7 40 49
8 42 50
10 44 54
12 46 59
10 48 58
8 50 59
12 52 64
10 54 64
15 56 73
1 58 63
13 60 74
5 62 70
1 64 71
7 66 78
25 68 98
25 70 105
13 72 91
28 74 114
29 76 120
8 78 92
25 80 115
4 82 88
11 84 96
27 86 122
15 88 110
8 90 100
26 92 127
8 94 105
5 96 102
5 98 106
1 100 107
10 102 115
12 104 117
4 106 114
9 108 120
29 110 147
29 112 154
7 114 126
4 116 121
7 118 127
3 120 128
13 122 136
3 124 131
4 126 135
3 128 137
27 130 162
11 132 146
1 134 138
3 136 144
3 138 147
15 140 156
27 142 177
13 144 162
13 146 163
8 148 157
10 150 160
2 152 158
8 154 165
28 156 191
2 158 161
2 160 167
27 162 195
6 164 171
26 166 200
4 168 173
2 170 176
5 172 182
10 174 187
15 176 192
3 178 184
11 180 192
15 182 199
11 184 196
15 186 204
9 188 198
11 190 202
28 192 229
7 194 204
3 196 201
1 198 205
8 200 212
7 202 213
3 204 213
14 206 221
8 208 218
15 210 226
25 212 245
13 214 232
12 216 231
27 218 255
5 220 227
27 222 258
28 224 265
8 226 239
8 228 237
1 230 235
2 232 240
28 234 268
15 236 256
4 238 243
25 240 272
15 242 263
15 244 264
1 246 249
25 248 279
2 250 253
8 252 262
4 254 262
14 256 270
11 258 269
3 260 267
12 262 275
2 264 271
6 266 277
29 268 304
28 270 310
3 272 277
2 274 279
11 276 288
25 278 310
11 280 295
28 282 321
4 284 290
3 286 292
26 288 320
25 290 325
1 292 293
26 294 328
2 296 298
9 298 308
10 300 311
8 302 312
12 304 316
10 306 316
8 308 317
3 310 317
6 312 322
29 314 350
28 316 356
12 318 337
29 320 362
10 322 338
2 324 327
12 326 338
8 328 337
4 330 338
14 332 346
25 334 366
25 336 372
7 338 349
7 340 347
10 342 352
28 344 381
5 346 353
8 348 356
8 350 359
1 352 358
3 354 363
6 356 367
3 358 367
11 360 374
8 362 373
27 364 398
2 366 369
14 368 383
26 370 404
15 372 393
8 374 384
4 376 382
6 378 387
4 380 389
11 382 395
5 384 393
12 386 399
11 388 399
7 390 399
4 392 400
13 394 408
8 396 406
3 398 406
5 400 410
9 402 414
2 404 412
27 406 438
12 408 423
15 410 429
11 412 425
4 414 420
14 416 431
27 418 454
6 420 428
5 422 429
29 424 461
29 426 468
14 428 450
2 430 432
1 432 438
13 434 448
11 436 447
5 438 446
6 440 450
6 442 452
13 444 458
14 446 461
1 448 453
10 450 462
12 452 464
26 454 488
15 456 477
27 458 496
3 460 465
7 462 470
8 464 474
3 466 474
2 468 477
9 470 483
3 472 481
6 474 485
27 476 509
9 478 489
8 480 488
12 482 495
1 484 489
5 486 496
14 488 503
11 490 501
7 492 501
29 494 531
4 496 501
1 498 503
3 500 509
10 502 515
27 504 538
3 506 509
26 508 542
25 510 546
29 512 556
12 514 534
4 516 521
3 518 524
28 520 555
9 522 534
6 524 531
14 526 541
13 528 543
12 530 544
15 532 550
4 534 540
4 536 544
29 538 574
2 540 543
27 542 577
29 544 586
3 546 552
9 548 558
7 550 558
10 552 563
1 554 560
2 556 565
8 558 571
29 560 596
5 562 568
11 564 576
29 566 605
6 568 577
5 570 576
10 572 583
14 574 589
26 576 610
10 578 592
8 580 589
11 582 594
10 584 594
2 586 592
4 588 597
28 590 624
3 592 596
1 594 600
7 596 607
13 598 612
3 600 607
13 602 616
14 604 619
4 606 613
3 608 616
2 610 619
5 612 623
26 614 645
6 616 622
7 618 627
26 620 653
11 622 637
12 624 639
1 626 630
6 628 638
14 630 644
14 632 648
12 634 648
7 636 644
2 638 645
5 640 650
10 642 655
28 644 679
7 646 655
13 648 663
6 650 657
6 652 661
8 654 665
11 656 668
4 658 666
5 660 670
25 662 692
12 664 679
14 666 683
29 668 708
3 670 675
3 672 678
8 674 685
7 676 686
12 678 691
4 680 688
27 682 715
9 684 695
10 686 697
29 688 727
12 690 708
13 692 709
6 694 700
14 696 712
12 698 712
3 700 706
6 702 712
10 704 716
13 706 719
11 708 719
25 710 742
2 712 715
7 714 723
10 716 727
5 718 726
29 720 757
4 722 727
3 724 730
3 726 734
4 728 738
8 730 742
13 732 746
3 734 741
10 736 748
15 738 754
15 740 758
29 742 782
5 744 752
2 746 751
27 748 782
14 750 769
13 752 769
27 754 791
2 756 759
15 758 776
13 760 776
29 762 802
25 764 802
28 766 809
11 768 787
8 770 781
9 772 782
26 774 808
2 776 778
29 778 816
27 780 820
5 782 791
8 784 793
3 786 792
8 788 799
27 790 824
8 792 802
7 794 802
11 796 807
7 798 807
6 800 809
