450
1 2 12
9 4 18
25 6 36
12 8 23
25 10 44
26 12 50
26 14 54
27 16 58
12 18 38
3 20 23
12 22 35
14 24 40
6 26 33
1 28 34
27 30 63
3 32 36
3 34 41
2 36 44
25 38 67
2 40 44
1 42 49
29 44 79
15 46 66
1 48 51
28 50 86
11 52 67
5 54 60
4 56 64
25 58 88
14 60 78
8 62 71
2 64 70
26 66 98
26 68 105
1 70 72
8 72 81
12 74 86
7 76 85
14 78 93
14 80 96
2 82 87
14 84 98
3 86 93
8 88 99
12 90 103
26 92 125
6 94 101
13 96 111
3 98 104
9 100 111
4 102 110
11 104 117
8 106 116
4 108 116
8 110 121
1 112 119
10 114 127
28 116 151
7 118 127
25 120 153
3 122 125
13 124 138
7 126 134
9 128 138
15 130 147
4 132 138
3 134 142
2 136 145
6 138 150
14 140 155
25 142 174
6 144 151
26 146 180
4 148 153
9 150 159
5 152 160
10 154 166
4 156 164
12 158 171
1 160 166
5 162 172
13 164 178
1 166 172
27 168 201
3 170 174
11 172 183
12 174 187
28 176 213
12 178 195
10 180 192
5 182 189
15 184 200
7 186 194
6 188 197
14 190 204
13 192 206
9 194 203
2 196 202
1 198 206
14 200 216
14 202 217
2 204 210
10 206 218
1 208 215
8 210 222
2 212 220
7 214 226
9 216 228
11 218 230
8 220 230
25 222 253
12 224 240
26 226 262
12 228 246
13 230 247
8 232 241
4 234 241
4 236 245
8 238 250
10 240 252
5 242 251
10 244 256
5 246 255
1 248 256
8 250 263
1 252 260
5 254 265
6 256 267
1 258 266
10 260 274
11 262 275
8 264 274
3 266 274
11 268 281
7 270 280
27 272 306
9 274 286
14 276 293
11 278 291
12 280 294
13 282 297
12 284 298
29 286 325
28 288 330
10 290 307
26 292 329
2 294 297
27 296 332
13 298 317
13 300 317
11 302 315
7 304 312
14 306 321
8 308 317
29 310 348
3 312 316
15 314 332
28 316 354
14 318 339
25 320 356
8 322 334
1 324 328
28 326 361
28 328 368
15 330 353
15 332 353
6 334 341
28 336 373
2 338 340
15 340 357
25 342 375
27 344 383
10 346 362
12 348 364
29 350 390
4 352 358
25 354 387
27 356 395
25 358 396
13 360 381
7 362 371
8 364 372
15 366 383
5 368 375
5 370 379
25 372 402
7 374 382
5 376 383
11 378 390
7 380 389
2 382 389
29 384 420
6 386 393
10 388 398
6 390 398
1 392 399
3 394 404
1 396 405
15 398 415
4 400 408
2 402 410
5 404 415
7 406 418
15 408 423
2 410 416
5 412 422
29 414 450
1 416 418
3 418 425
1 420 428
2 422 432
12 424 439
8 426 437
6 428 438
9 430 442
26 432 464
15 434 454
28 436 475
13 438 458
13 440 458
13 442 459
8 444 453
26 446 480
9 448 460
3 450 455
4 452 460
1 454 462
28 456 489
28 458 497
13 460 480
5 462 468
14 464 480
3 466 472
15 468 484
26 470 504
6 472 480
29 474 513
7 476 486
13 478 494
3 480 485
27 482 516
2 484 487
13 486 500
8 488 497
11 490 501
4 492 499
25 494 525
10 496 509
1 498 502
25 500 531
27 502 540
9 504 518
8 506 515
9 508 517
14 510 526
27 512 548
8 514 525
7 516 523
11 518 529
28 520 557
11 522 538
5 524 529
1 526 532
4 528 538
1 530 539
6 532 544
3 534 544
15 536 552
6 538 547
14 540 554
10 542 552
2 544 550
5 546 556
6 548 559
7 550 561
13 552 566
9 554 564
7 556 565
8 558 568
9 560 571
10 562 573
6 564 573
5 566 575
7 568 579
5 570 580
5 572 582
25 574 604
7 576 584
14 578 594
9 580 589
14 582 598
6 584 591
15 586 603
6 588 595
7 590 599
15 592 608
12 594 607
5 596 603
1 598 605
2 600 609
1 602 611
10 604 618
4 606 615
7 608 619
5 610 620
25 612 642
13 614 631
8 616 625
15 618 636
3 620 625
11 622 634
13 624 638
5 626 633
6 628 637
5 630 639
26 632 664
12 634 650
10 636 648
27 638 674
8 640 651
15 642 661
8 644 653
29 646 685
9 648 661
9 650 660
2 652 658
1 654 662
11 656 670
14 658 672
5 660 668
9 662 673
25 664 695
29 666 707
14 668 690
14 670 690
1 672 675
29 674 711
28 676 717
9 678 693
8 680 690
26 682 717
15 684 706
11 686 701
3 688 693
14 690 705
29 692 731
3 694 698
12 696 709
11 698 710
7 700 708
14 702 717
6 704 712
13 706 719
3 708 715
9 710 722
8 712 723
28 714 749
15 716 737
9 718 729
15 720 738
9 722 732
29 724 763
2 726 729
25 728 761
9 730 742
27 732 769
1 734 735
9 736 746
27 738 773
3 740 743
6 742 750
2 744 751
25 746 776
25 748 783
2 750 753
14 752 768
8 754 762
26 756 790
3 758 761
13 760 774
8 762 771
29 764 802
12 766 783
28 768 807
13 770 790
25 772 808
15 774 797
10 776 790
14 778 796
15 780 799
5 782 788
10 784 795
28 786 822
5 788 794
4 790 797
6 792 802
4 794 803
10 796 809
2 798 806
8 800 812
27 802 835
1 804 807
11 806 818
2 808 815
9 810 822
28 812 847
26 814 851
9 816 830
14 818 836
1 820 824
15 822 838
4 824 831
29 826 863
27 828 867
10 830 846
12 832 848
29 834 874
13 836 856
29 838 880
25 840 879
8 842 856
29 844 885
5 846 854
28 848 886
1 850 851
12 852 865
2 854 860
2 856 864
12 858 872
4 860 868
6 862 872
2 864 872
27 866 898
14 868 886
5 870 876
5 872 880
26 874 906
9 876 887
26 878 913
4 880 885
8 882 891
7 884 893
14 886 901
7 888 896
4 890 898
27 892 925
2 894 897
6 896 905
29 898 935
11 900 915
