500
5 2 12
15 4 19
13 6 20
2 8 14
12 10 23
14 12 27
11 14 26
4 16 23
6 18 28
28 20 55
6 22 29
10 24 34
4 26 33
27 28 62
10 30 43
29 32 72
4 34 40
15 36 54
11 38 51
28 40 78
12 42 60
2 44 47
2 46 53
7 48 59
15 50 65
14 52 68
13 54 69
4 56 62
28 58 94
2 60 62
10 62 72
14 64 80
9 66 75
27 68 103
12 70 87
2 72 76
8 74 84
13 76 89
14 78 94
6 80 87
6 82 91
10 84 96
11 86 98
10 88 99
10 90 101
1 92 98
1 94 102
8 96 109
10 98 111
12 100 113
9 102 112
12 104 116
7 106 115
29 108 145
6 110 118
10 112 123
26 114 148
6 116 124
8 118 126
27 120 155
10 122 136
12 124 139
25 126 160
3 128 132
26 130 164
29 132 174
29 134 179
25 136 176
26 138 179
26 140 181
3 142 149
12 144 159
3 146 151
3 148 156
15 150 165
11 152 163
6 154 162
10 156 167
3 158 165
15 160 175
9 162 172
4 164 172
8 166 177
10 168 180
10 170 181
26 172 205
5 174 180
13 176 191
8 178 186
29 180 218
25 182 219
29 184 228
9 186 202
28 188 228
13 190 210
6 192 199
2 194 200
1 196 204
5 198 209
12 200 214
9 202 213
10 204 215
15 206 223
3 208 214
29 210 247
7 212 221
4 214 220
7 216 226
7 218 228
6 220 230
8 222 233
3 224 232
12 226 240
2 228 235
12 230 244
27 232 266
5 234 240
9 236 245
12 238 251
4 240 247
12 242 255
26 244 277
14 246 265
10 248 260
2 250 255
2 252 260
10 254 267
2 256 264
27 258 290
5 260 265
15 262 279
6 264 271
1 266 272
26 268 299
25 270 305
27 272 312
3 274 280
10 276 287
9 278 287
14 280 296
3 282 288
25 284 315
2 286 289
25 288 320
28 290 330
7 292 303
13 294 310
15 296 315
11 298 311
10 300 311
27 302 338
7 304 314
2 306 311
4 308 317
12 310 324
12 312 324
15 314 331
9 316 325
26 318 352
6 320 328
5 322 329
11 324 336
26 326 359
15 328 349
2 330 333
6 332 341
14 334 348
25 336 368
5 338 344
9 340 349
14 342 358
6 344 351
29 346 384
13 348 367
26 350 387
28 352 394
10 354 371
14 356 375
9 358 369
10 360 371
9 362 371
2 364 370
15 366 381
5 368 376
10 370 382
29 372 409
9 374 386
7 376 383
6 378 386
11 380 392
2 382 389
26 384 415
13 386 403
13 388 404
9 390 400
9 392 401
1 394 400
10 396 409
7 398 408
15 400 416
1 402 407
2 404 412
2 406 415
6 408 420
3 410 420
8 412 425
27 414 447
6 416 423
12 418 431
7 420 428
3 422 429
6 424 434
2 426 434
10 428 441
13 430 443
1 432 438
7 434 445
27 436 469
9 438 449
7 440 448
3 442 449
7 444 455
10 446 458
2 448 455
7 450 461
3 452 461
15 454 470
11 456 467
8 458 467
27 460 495
25 462 498
10 464 479
25 466 501
11 468 484
1 470 473
12 472 484
25 474 506
3 476 479
6 478 486
8 480 490
11 482 494
5 484 492
3 486 494
10 488 501
12 490 503
13 492 506
1 494 499
12 496 509
27 498 533
9 500 512
27 502 539
15 504 526
6 506 513
3 508 514
13 510 523
8 512 521
4 514 522
26 516 548
11 518 532
14 520 537
12 522 536
7 524 532
10 526 537
13 528 542
25 530 563
12 532 549
10 534 546
8 536 544
27 538 573
3 540 543
4 542 549
1 544 551
14 546 561
12 548 560
27 550 585
7 552 561
25 554 587
13 556 574
14 558 576
14 560 578
15 562 581
6 564 570
13 566 580
7 568 576
15 570 587
3 572 578
11 574 586
2 576 583
4 578 588
9 580 593
14 582 596
2 584 590
11 586 599
4 588 596
8 590 601
29 592 629
28 594 635
6 596 606
3 598 603
2 600 607
27 602 635
12 604 620
5 606 612
1 608 614
9 610 622
1 612 619
8 614 626
4 616 625
15 618 633
4 620 627
15 622 638
12 624 637
15 626 644
29 628 668
5 630 638
3 632 637
13 634 647
10 636 646
3 638 645
11 640 653
3 642 650
11 644 657
12 646 658
13 648 662
26 650 684
1 652 654
11 654 665
13 656 670
12 658 671
2 660 666
2 662 670
2 664 673
27 666 698
8 668 677
12 670 683
27 672 708
13 674 693
8 676 686
8 678 686
25 680 712
13 682 700
14 684 702
14 686 704
1 688 692
27 690 724
26 692 729
13 694 714
7 696 705
13 698 713
25 700 733
1 702 704
4 704 712
5 706 716
28 708 742
6 710 717
26 712 746
8 714 725
7 716 723
14 718 734
14 720 737
8 722 730
8 724 733
5 726 734
29 728 765
8 730 741
14 732 749
12 734 748
14 736 753
8 738 746
28 740 777
8 742 753
25 744 778
10 746 760
13 748 764
4 750 756
26 752 785
9 754 766
12 756 770
2 758 763
8 760 771
14 762 776
9 764 774
14 766 781
10 768 778
11 770 781
3 772 779
29 774 810
1 776 778
4 778 786
9 780 792
7 782 792
2 784 792
7 786 798
4 788 798
7 790 802
25 792 822
25 794 829
8 796 808
14 798 816
26 800 836
14 802 823
3 804 807
5 806 814
7 808 818
27 810 844
7 812 821
7 814 822
14 816 831
13 818 833
5 820 827
12 822 834
1 824 830
26 826 857
2 828 832
28 830 866
10 832 846
10 834 846
12 836 850
8 838 846
26 840 874
10 842 856
13 844 860
5 846 852
13 848 862
12 850 863
4 852 859
5 854 863
11 856 869
4 858 866
1 860 868
2 862 872
11 864 879
15 866 881
10 868 878
9 870 880
5 872 880
5 874 883
9 876 888
12 878 891
28 880 916
6 882 890
14 884 901
9 886 896
2 888 894
5 890 900
8 892 904
12 894 907
15 896 913
15 898 916
9 900 910
10 902 912
1 904 910
7 906 917
7 908 919
26 910 942
2 912 915
11 914 925
14 916 932
8 918 926
15 920 937
2 922 927
1 924 931
27 926 958
8 928 937
2 930 936
14 932 946
26 934 968
1 936 938
8 938 948
6 940 949
14 942 956
11 944 955
6 946 954
12 948 960
1 950 956
9 952 964
1 954 961
6 956 967
2 958 967
13 960 975
12 962 974
27 964 999
26 966 1004
25 968 1006
4 970 977
7 972 979
6 974 982
9 976 987
3 978 986
9 980 992
14 982 996
4 984 991
10 986 998
5 988 997
6 990 1000
13 992 1006
29 994 1032
28 996 1037
28 998 1041
14 1000 1023
