100
3 0 47
21 0 35
74 0 92
65 0 88
1 0 34
20 0 27
97 0 171
3 0 5
88 0 152
9 0 48
72 57 143
86 57 143
95 57 181
21 57 94
49 57 116
15 57 82
10 57 142
64 57 141
30 57 99
85 57 142
94 144 328
85 144 296
53 144 221
61 144 228
3 144 170
1 144 169
84 144 238
98 144 259
32 144 199
62 144 220
85 176 274
30 176 228
22 176 219
2 176 179
5 176 194
65 176 263
18 176 196
16 176 196
97 176 273
56 176 267
52 198 293
66 198 307
5 198 208
16 198 220
96 198 355
27 198 237
85 198 347
28 198 247
34 198 233
59 198 264
58 222 302
80 222 336
4 222 240
29 222 336
94 222 323
100 222 329
81 222 348
96 222 343
26 222 320
25 222 313
31 355 404
93 355 527
2 355 358
98 355 474
54 355 455
8 355 367
10 355 371
25 355 402
3 355 359
25 355 380
28 360 388
15 360 383
70 360 493
53 360 414
98 360 484
29 360 414
52 360 428
45 360 434
2 360 368
13 360 382
71 370 442
46 370 435
7 370 381
20 370 391
75 370 517
69 370 453
98 370 501
45 370 439
24 370 416
49 370 461
60 387 457
38 387 427
93 387 533
20 387 416
97 387 545
77 387 534
17 387 413
6 387 394
14 387 403
31 387 429