150
69 0 98
18 0 38
73 0 84
97 0 104
45 0 83
75 0 81
31 0 86
61 0 101
54 0 85
66 0 77
60 0 115
42 0 96
67 0 69
29 116 161
80 116 273
8 116 124
39 116 159
60 116 210
1 116 162
50 116 172
81 116 229
21 116 153
20 116 147
36 116 152
41 116 160
18 116 159
100 163 277
82 163 289
59 163 249
8 163 262
12 163 223
22 163 249
6 163 190
39 163 220
29 163 259
68 163 274
62 163 277
43 163 273
98 163 290
15 294 331
60 294 395
5 294 307
47 294 379
47 294 350
5 294 335
100 294 395
7 294 333
80 294 410
30 294 337
25 294 322
82 294 387
10 294 314
32 340 378
77 340 486
10 340 355
19 340 374
24 340 368
34 340 399
74 340 487
25 340 391
36 340 393
77 340 446
43 340 386
24 340 380
73 340 463
86 407 513
69 407 492
34 407 489
24 407 438
96 407 518
30 407 511
98 407 521
4 407 456
11 407 449
41 407 516
45 407 513
62 407 519
43 407 483
58 524 614
31 524 559
45 524 595
12 524 542
91 524 678
85 524 674
3 524 560
74 524 615
30 524 567
51 524 605
11 524 558
97 524 690
73 524 626
9 568 599
19 568 628
37 568 613
98 568 691
86 568 689
81 568 720
46 568 623
53 568 627
56 568 631
50 568 625
76 568 672
71 568 641
1 568 595
70 642 736
37 642 720
44 642 782
13 642 681
6 642 724
87 642 777
71 642 734
34 642 694
91 642 756
87 642 746
76 642 732
24 642 670
34 642 754
90 794 887
38 794 866
12 794 833
65 794 867
56 794 886
47 794 898
19 794 894
9 794 811
42 794 843
48 794 895
83 794 899
100 794 894
40 794 903
81 904 990
10 904 981
65 904 986
62 904 970
97 904 1012
90 904 1045
25 904 987
26 904 958
14 904 943
11 904 990
40 904 985
71 904 990
20 904 984
62 992 1061
33 992 1069
52 992 1085
65 992 1092
35 992 1117
2 992 1000
81 992 1116