200
35 0 46
49 0 54
21 0 25
10 0 19
22 0 33
42 0 47
95 0 175
74 0 111
3 0 17
23 0 45
78 0 90
51 0 88
62 0 81
76 0 119
2 0 16
19 48 79
7 48 82
46 48 108
98 48 151
89 48 190
26 48 77
93 48 171
14 48 78
25 48 73
20 48 74
61 48 133
53 48 142
35 48 83
88 48 208
78 48 199
44 84 186
46 84 159
13 84 104
40 84 141
43 84 155
90 84 190
86 84 179
85 84 174
19 84 123
88 84 192
21 84 118
20 84 176
37 84 177
97 84 193
44 84 179
93 197 380
54 197 254
6 197 252
40 197 262
62 197 263
32 197 242
98 197 304
76 197 345
62 197 261
68 197 328
56 197 261
79 197 320
76 197 332
48 197 261
39 197 253
97 264 437
30 264 344
19 264 342
19 264 297
83 264 351
26 264 321
51 264 342
13 264 314
12 264 316
66 264 351
14 264 316
74 264 340
46 264 332
95 264 402
35 264 341
100 354 476
25 354 389
63 354 427
3 354 383
54 354 438
90 354 512
78 354 485
72 354 486
38 354 392
88 354 510
17 354 391
49 354 405
4 354 368
4 354 371
66 354 460
87 396 544
100 396 523
30 396 480
39 396 471
71 396 483
94 396 632
79 396 589
66 396 613
32 396 570
44 396 502
64 396 479
24 396 622
83 396 499
77 396 494
74 396 586
53 635 700
53 635 707
81 635 792
11 635 671
32 635 668
60 635 701
90 635 768
10 635 669
3 635 667
49 635 689
69 635 743
66 635 708
5 635 669
29 635 675
68 635 724
93 677 776
2 677 739
78 677 818
86 677 820
83 677 837
11 677 716
31 677 723
35 677 727
68 677 789
55 677 732
31 677 728
10 677 730
50 677 742
20 677 726
7 677 736
48 743 856
65 743 904
66 743 870
27 743 821
84 743 912
85 743 859
69 743 827
78 743 901
83 743 928
78 743 903
81 743 894
87 743 895
52 743 902
62 743 822
31 743 827
27 943 982
24 943 1010
5 943 988
98 943 1057
20 943 983
58 943 1017
64 943 1029
79 943 1027
72 943 1031
51 943 1017
13 943 990
88 943 1032
47 943 999
100 943 1106
66 943 1014
34 1033 1089
37 1033 1091
24 1033 1073
48 1033 1123
46 1033 1086
20 1033 1069
83 1033 1187
15 1033 1052
29 1033 1075
48 1033 1110
47 1033 1112
11 1033 1044
96 1033 1169
99 1033 1189
6 1033 1040
77 1045 1190
51 1045 1112
31 1045 1083
28 1045 1091
99 1045 1234
60 1045 1123
70 1045 1167
71 1045 1120
64 1045 1166
86 1045 1131
6 1045 1056
97 1045 1166
80 1045 1188
66 1045 1126
41 1045 1124
65 1064 1148
84 1064 1149
98 1064 1179
34 1064 1138
43 1064 1139