250
82 0 116
16 0 49
39 0 50
76 0 101
45 0 101
70 0 116
56 0 80
52 0 60
89 0 116
76 0 96
12 0 116
83 0 103
28 0 36
100 0 118
42 0 53
33 0 111
18 129 204
39 129 200
64 129 310
85 129 293
16 129 184
58 129 314
48 129 263
98 129 277
38 129 310
84 129 254
81 129 305
27 129 224
21 129 246
82 129 268
75 129 238
36 129 295
81 336 429
9 336 366
26 336 408
42 336 449
59 336 396
58 336 422
13 336 442
40 336 390
8 336 392
80 336 426
50 336 400
35 336 394
10 336 441
45 336 468
56 336 409
39 336 438
29 478 516
54 478 562
57 478 598
79 478 602
44 478 597
36 478 607
97 478 612
82 478 609
90 478 580
63 478 543
38 478 586
47 478 553
98 478 579
79 478 567
26 478 581
31 478 597
93 614 720
16 614 668
66 614 685
65 614 684
26 614 659
22 614 689
20 614 667
38 614 653
3 614 673
43 614 689
15 614 660
77 614 700
16 614 656
99 614 772
37 614 656
60 614 674
60 690 798
99 690 790
86 690 794
89 690 820
50 690 743
2 690 735
60 690 805
64 690 791
12 690 735
94 690 839
50 690 741
18 690 745
14 690 741
17 690 726
40 690 735
97 690 843
86 746 845
13 746 830
59 746 849
96 746 858
60 746 844
56 746 836
53 746 818
54 746 829
7 746 805
83 746 858
88 746 843
90 746 853
33 746 805
59 746 846
19 746 798
98 746 851
72 863 969
54 863 926
37 863 914
16 863 895
21 863 889
48 863 921
84 863 1010
96 863 1012
13 863 884
77 863 957
97 863 1033
19 863 886
86 863 982
8 863 897
43 863 948
96 863 1000
43 899 949
16 899 1021
41 899 1019
89 899 1013
59 899 985
18 899 958
64 899 1005
80 899 1011
3 899 981
92 899 997
15 899 959
22 899 989
37 899 988
52 899 957
13 899 912
3 899 904
96 1024 1175
76 1024 1103
28 1024 1070
64 1024 1139
6 1024 1162
24 1024 1146
67 1024 1177
14 1024 1098
41 1024 1114
97 1024 1174
27 1024 1172
4 1024 1161
17 1024 1180
92 1024 1148
70 1024 1176
38 1024 1089
48 1183 1232
26 1183 1255
80 1183 1263
98 1183 1327
15 1183 1217
59 1183 1262
25 1183 1253
63 1183 1266
5 1183 1199
40 1183 1223
78 1183 1263
25 1183 1266
97 1183 1303
98 1183 1368
46 1183 1240
85 1183 1276
9 1267 1280
68 1267 1380
9 1267 1276
9 1267 1276
72 1267 1341
84 1267 1372
88 1267 1402
41 1267 1318
83 1267 1369
12 1267 1279
52 1267 1349
91 1267 1397
40 1267 1312
6 1267 1279
40 1267 1319
24 1267 1298
98 1282 1465
14 1282 1314
8 1282 1291
49 1282 1342
9 1282 1297
92 1282 1384
88 1282 1432
5 1282 1295
5 1282 1303
41 1282 1324
87 1282 1441
55 1282 1379
73 1282 1409
14 1282 1316
64 1282 1377
66 1282 1413
58 1327 1417
78 1327 1414
62 1327 1389
58 1327 1395
48 1327 1426
3 1327 1377
72 1327 1427
87 1327 1426
4 1327 1369
60 1327 1402
84 1327 1423
5 1327 1375
6 1327 1413
78 1327 1408
23 1327 1421
38 1327 1405
61 1430 1542
37 1430 1486
93 1430 1534
4 1430 1536
81 1430 1553
91 1430 1535
89 1430 1573
56 1430 1561
4 1430 1578
59 1430 1591
56 1430 1577
3 1430 1560
12 1430 1489
43 1430 1547
94 1430 1548
59 1430 1516
64 1597 1662
63 1597 1675
37 1597 1639
29 1597 1631
49 1597 1689
85 1597 1749
97 1597 1730
82 1597 1759
3 1597 1600
57 1597 1656