300
81 0 99
76 0 99
55 0 84
81 0 110
79 0 97
82 0 98
28 0 101
30 0 113
74 0 101
19 0 50
63 0 100
7 0 37
60 0 101
75 0 104
34 0 44
54 0 77
75 0 108
66 114 238
23 114 140
28 114 150
77 114 216
11 114 166
86 114 210
84 114 225
72 114 229
92 114 251
41 114 165
71 114 250
8 114 149
23 114 149
1 114 167
81 114 272
40 114 167
2 114 120
80 168 367
86 168 318
98 168 372
88 168 285
25 168 370
68 168 281
8 168 283
47 168 303
99 168 370
8 168 206
32 168 344
92 168 266
82 168 282
11 168 317
60 168 229
33 168 207
46 168 363
55 380 480
73 380 502
82 380 491
69 380 473
63 380 501
23 380 476
67 380 462
27 380 511
87 380 515
98 380 509
17 380 400
5 380 427
35 380 441
11 380 411
70 380 460
19 380 465
17 380 476
98 521 635
57 521 611
45 521 581
65 521 637
50 521 584
98 521 642
67 521 677
9 521 543
2 521 591
2 521 601
55 521 632
81 521 639
95 521 646
79 521 643
27 521 648
9 521 531
34 521 568
27 694 769
52 694 772
65 694 777
75 694 778
90 694 847
14 694 766
60 694 777
66 694 778
64 694 771
33 694 752
63 694 770
33 694 767
79 694 776
72 694 776
36 694 737
66 694 774
57 694 759
83 781 902
22 781 890
35 781 866
10 781 820
10 781 841
43 781 832
39 781 882
89 781 906
88 781 903
85 781 908
58 781 864
75 781 871
42 781 827
18 781 863
36 781 905
80 781 862
65 781 850
50 910 1013
73 910 1022
56 910 983
72 910 1009
41 910 976
53 910 1023
33 910 994
42 910 996
97 910 1049
47 910 984
75 910 1045
90 910 1056
36 910 1094
67 910 1009
48 910 1040
9 910 995
94 910 1066
80 1095 1302
38 1095 1228
58 1095 1286
46 1095 1301
90 1095 1193
73 1095 1248
55 1095 1235
31 1095 1179
48 1095 1298
73 1095 1168
86 1095 1209
81 1095 1270
97 1095 1296
35 1095 1189
12 1095 1195
39 1095 1254
85 1095 1281
47 1310 1378
91 1310 1482
87 1310 1419
10 1310 1320
54 1310 1391
87 1310 1423
20 1310 1347
16 1310 1326
53 1310 1407
51 1310 1397
91 1310 1404
76 1310 1461
94 1310 1420
57 1310 1391
94 1310 1469
43 1310 1353
50 1310 1361
93 1327 1437
29 1327 1476
47 1327 1497
34 1327 1478
30 1327 1472
14 1327 1363
30 1327 1391
77 1327 1487
12 1327 1357
74 1327 1452
19 1327 1370
90 1327 1475
99 1327 1473
72 1327 1410
77 1327 1469
22 1327 1493
77 1327 1439
29 1499 1612
69 1499 1615
29 1499 1607
30 1499 1610
45 1499 1576
68 1499 1587
57 1499 1585
77 1499 1594
13 1499 1613
81 1499 1597
23 1499 1609
4 1499 1555
61 1499 1593
99 1499 1616
33 1499 1535
16 1499 1605
77 1499 1622
78 1623 1725
24 1623 1648
58 1623 1738
90 1623 1744
27 1623 1683
7 1623 1640
21 1623 1728
82 1623 1733
77 1623 1741
4 1623 1718
100 1623 1723
48 1623 1738
11 1623 1723
57 1623 1727
95 1623 1721
8 1623 1746
71 1623 1748
57 1752 1870
33 1752 1884
39 1752 1812
23 1752 1848
48 1752 1878
17 1752 1781
90 1752 1889
82 1752 1840
64 1752 1829
90 1752 1871
88 1752 1878
93 1752 1882
21 1752 1782
82 1752 1879
49 1752 1857
100 1752 1856
24 1752 1779
22 1910 2095
76 1910 2101
91 1910 2080
27 1910 2023
35 1910 2078
93 1910 2078
60 1910 1996
4 1910 1969
29 1910 1983
24 1910 2017
74 1910 2013
12 1910 2058
24 1910 2057
68 1910 2090
39 1910 2013
66 1910 2104
98 1910 2070
27 2106 2235
34 2106 2163
64 2106 2249
35 2106 2212
13 2106 2137
24 2106 2255
7 2106 2119
98 2106 2252
27 2106 2230
92 2106 2224
97 2106 2222
37 2106 2144
78 2106 2196
72 2106 2194
44 2106 2188
40 2106 2227
72 2106 2213
70 2263 2335
90 2263 2442
30 2263 2303
38 2263 2334
35 2263 2300
16 2263 2309
64 2263 2335
47 2263 2310
19 2263 2319
95 2263 2417
70 2263 2333
28 2263 2336
69 2263 2334
87 2263 2426
27 2263 2334
25 2263 2298
44 2263 2324
66 2337 2443
18 2337 2379
50 2337 2389
94 2337 2505
13 2337 2389
10 2337 2353
21 2337 2360
60 2337 2398
93 2337 2449
71 2337 2455
71 2337 2437