350
82 0 93
30 0 46
23 0 25
56 0 66
13 0 20
35 0 41
94 0 150
31 0 42
17 0 25
9 0 10
10 0 10
100 0 134
100 0 177
30 0 43
21 0 29
63 0 120
13 0 24
2 13 86
15 13 55
50 13 96
73 13 115
70 13 114
53 13 81
44 13 79
10 13 107
13 13 58
96 13 114
45 13 109
59 13 97
68 13 110
89 13 114
37 13 117
52 13 96
48 13 100
34 118 185
44 118 178
39 118 248
62 118 260
52 118 258
72 118 214
35 118 249
32 118 181
51 118 179
84 118 230
92 118 214
7 118 193
1 118 170
51 118 266
19 118 281
88 118 295
79 118 200
62 298 500
84 298 529
71 298 446
60 298 536
71 298 470
33 298 466
100 298 462
3 298 445
75 298 472
77 298 502
88 298 495
80 298 392
80 298 422
8 298 330
68 298 502
2 298 387
58 298 494
72 537 639
75 537 655
23 537 613
70 537 655
13 537 696
82 537 648
59 537 703
89 537 626
81 537 746
80 537 648
65 537 674
24 537 660
76 537 679
40 537 616
80 537 772
52 537 698
26 537 708
18 774 801
89 774 864
60 774 877
80 774 876
83 774 864
90 774 871
28 774 819
96 774 871
52 774 871
19 774 874
36 774 838
43 774 884
37 774 850
38 774 823
49 774 872
17 774 841
87 774 880
40 888 996
28 888 950
100 888 991
36 888 974
30 888 969
93 888 982
60 888 949
96 888 1007
49 888 966
57 888 972
83 888 978
56 888 946
82 888 992
83 888 974
67 888 1006
59 888 1002
48 888 975
83 1010 1137
24 1010 1111
37 1010 1091
47 1010 1075
77 1010 1139
24 1010 1143
67 1010 1158
73 1010 1142
1 1010 1066
92 1010 1118
2 1010 1090
59 1010 1135
94 1010 1135
73 1010 1119
20 1010 1057
15 1010 1100
24 1010 1037
90 1172 1307
36 1172 1226
59 1172 1282
96 1172 1308
80 1172 1283
61 1172 1253
81 1172 1291
99 1172 1275
48 1172 1226
33 1172 1210
88 1172 1343
44 1172 1224
39 1172 1224
30 1172 1214
61 1172 1274
90 1172 1293
48 1172 1220
38 1231 1320
7 1231 1320
85 1231 1369
93 1231 1347
27 1231 1306
28 1231 1316
78 1231 1332
39 1231 1276
9 1231 1338
53 1231 1317
57 1231 1315
36 1231 1361
83 1231 1358
88 1231 1335
6 1231 1375
89 1231 1349
23 1231 1375
80 1386 1484
27 1386 1436
57 1386 1461
86 1386 1477
36 1386 1434
74 1386 1477
59 1386 1482
68 1386 1458
36 1386 1448
42 1386 1472
67 1386 1457
43 1386 1442
8 1386 1451
98 1386 1484
12 1386 1431
26 1386 1450
6 1386 1396
9 1487 1620
32 1487 1627
4 1487 1629
86 1487 1595
11 1487 1634
9 1487 1607
37 1487 1541
76 1487 1612
29 1487 1641
94 1487 1633
32 1487 1632
78 1487 1596
35 1487 1551
81 1487 1637
74 1487 1607
27 1487 1604
66 1487 1557
99 1649 1839
4 1649 1695
47 1649 1697
12 1649 1698
17 1649 1697
19 1649 1709
100 1649 1818
82 1649 1789
38 1649 1717
67 1649 1718
88 1649 1748
42 1649 1697
56 1649 1712
9 1649 1690
48 1649 1705
92 1649 1775
64 1649 1719
52 1720 1818
40 1720 1843
18 1720 1800
40 1720 1775
30 1720 1863
20 1720 1766
54 1720 1823
100 1720 1869
8 1720 1781
94 1720 1870
43 1720 1779
60 1720 1783
59 1720 1847
41 1720 1846
20 1720 1789
11 1720 1746
61 1720 1789
66 1877 1970
88 1877 1981
97 1877 1979
83 1877 1977
25 1877 1921
55 1877 1955
32 1877 1965
76 1877 1954
18 1877 1961
52 1877 1933
33 1877 1956
59 1877 1953
72 1877 1959
3 1877 1928
74 1877 1966
44 1877 1928
34 1877 1950
56 1984 2090
51 1984 2060
32 1984 2026
80 1984 2090
5 1984 1993
65 1984 2062
29 1984 2015
1 1984 1988
69 1984 2071
100 1984 2157
52 1984 2047
98 1984 2132
90 1984 2090
24 1984 2009
54 1984 2083
29 1984 2034
76 1984 2131
87 2010 2121
85 2010 2106
91 2010 2125
10 2010 2113
62 2010 2099
4 2010 2140
38 2010 2103
40 2010 2078
2 2010 2095
48 2010 2127
91 2010 2144
38 2010 2109
40 2010 2128
100 2010 2133
100 2010 2122
28 2010 2126
67 2010 2126
83 2147 2240
57 2147 2271
10 2147 2237
29 2147 2244
33 2147 2180
76 2147 2256
26 2147 2230
53 2147 2252
23 2147 2224
10 2147 2180
28 2147 2240
31 2147 2239
59 2147 2238
28 2147 2237
33 2147 2185
56 2147 2267
48 2147 2199
81 2281 2386
23 2281 2307
31 2281 2319
25 2281 2343
72 2281 2408
23 2281 2338
72 2281 2389
12 2281 2332
18 2281 2332
76 2281 2360
4 2281 2327
56 2281 2342
53 2281 2335
36 2281 2331
94 2281 2450
91 2281 2405
52 2281 2342
88 2346 2446
29 2346 2453
6 2346 2357
58 2346 2420
1 2346 2401
13 2346 2399
42 2346 2428
24 2346 2459
12 2346 2373
54 2346 2405
73 2346 2443
6 2346 2358
82 2346 2440
15 2346 2406
31 2346 2409
17 2346 2408
21 2346 2432
71 2460 2538
1 2460 2467
100 2460 2635
25 2460 2491
62 2460 2538
87 2460 2620
3 2460 2512
94 2460 2641
2 2460 2495
97 2460 2602