400
56 0 77
97 0 152
63 0 84
14 0 40
89 0 117
70 0 71
83 0 83
5 0 35
85 0 85
82 0 86
52 0 64
33 0 42
24 0 82
35 0 85
40 0 45
60 0 66
34 0 61
77 87 167
36 87 195
64 87 152
6 87 180
81 87 182
99 87 196
79 87 168
52 87 158
15 87 130
84 87 184
11 87 112
69 87 162
80 87 171
73 87 189
74 87 195
73 87 189
84 87 182
37 197 237
33 197 232
20 197 219
27 197 232
61 197 276
63 197 310
76 197 340
44 197 247
86 197 354
12 197 219
10 197 219
39 197 266
42 197 241
11 197 228
94 197 308
75 197 312
40 197 259
57 234 431
88 234 389
35 234 424
5 234 454
71 234 454
96 234 395
67 234 375
37 234 416
58 234 385
6 234 255
97 234 364
89 234 453
80 234 384
50 234 304
45 234 298
74 234 317
54 234 463
22 468 504
44 468 548
77 468 575
64 468 534
74 468 561
52 468 532
8 468 478
4 468 496
63 468 588
44 468 520
30 468 499
87 468 591
43 468 512
13 468 491
11 468 503
20 468 489
96 468 579
62 505 685
38 505 560
82 505 705
7 505 573
28 505 638
22 505 563
96 505 621
75 505 687
9 505 707
42 505 645
95 505 643
94 505 601
97 505 683
40 505 558
60 505 697
98 505 608
66 505 575
17 721 763
39 721 830
8 721 805
80 721 907
95 721 863
35 721 835
97 721 908
16 721 826
43 721 899
91 721 819
30 721 824
71 721 902
55 721 866
48 721 866
38 721 798
29 721 907
50 721 847
48 911 981
78 911 1061
50 911 963
75 911 987
11 911 937
72 911 986
19 911 975
92 911 1004
43 911 980
94 911 1087
89 911 1042
89 911 1006
25 911 966
29 911 970
16 911 978
100 911 1092
89 911 1055
29 988 1039
26 988 1063
5 988 1066
55 988 1071
28 988 1053
26 988 1023
52 988 1053
64 988 1071
59 988 1078
59 988 1089
34 988 1040
23 988 1021
32 988 1050
16 988 1006
62 988 1087
5 988 1051
56 988 1088
14 1093 1118
81 1093 1190
77 1093 1261
2 1093 1108
35 1093 1167
92 1093 1225
80 1093 1268
69 1093 1253
29 1093 1204
20 1093 1174
3 1093 1263
99 1093 1268
98 1093 1202
77 1093 1204
55 1093 1269
50 1093 1192
54 1093 1246
48 1278 1394
94 1278 1381
47 1278 1368
59 1278 1348
99 1278 1391
82 1278 1368
25 1278 1415
19 1278 1311
23 1278 1337
11 1278 1398
95 1278 1380
15 1278 1363
20 1278 1388
24 1278 1305
14 1278 1293
27 1278 1381
2 1278 1373
87 1419 1528
45 1419 1497
18 1419 1443
96 1419 1527
1 1419 1420
25 1419 1463
51 1419 1474
80 1419 1554
76 1419 1521
67 1419 1538
60 1419 1502
66 1419 1529
43 1419 1463
71 1419 1529
82 1419 1552
46 1419 1491
73 1419 1506
87 1421 1594
10 1421 1446
19 1421 1445
25 1421 1446
81 1421 1560
82 1421 1559
42 1421 1481
1 1421 1444
26 1421 1447
31 1421 1473
77 1421 1534
51 1421 1520
47 1421 1484
61 1421 1515
24 1421 1447
89 1421 1514
52 1421 1518
67 1448 1541
25 1448 1479
72 1448 1590
94 1448 1606
57 1448 1511
71 1448 1549
37 1448 1490
65 1448 1528
59 1448 1549
82 1448 1565
29 1448 1479
15 1448 1486
64 1448 1535
41 1448 1490
63 1448 1571
52 1448 1530
87 1448 1596
48 1491 1572
77 1491 1569
70 1491 1572
45 1491 1547
34 1491 1525
33 1491 1529
62 1491 1556
75 1491 1569
82 1491 1643
96 1491 1626
76 1491 1567
13 1491 1520
42 1491 1555
46 1491 1572
48 1491 1554
62 1491 1560
100 1491 1638
27 1573 1612
97 1573 1725
2 1573 1590
72 1573 1646
5 1573 1649
34 1573 1645
66 1573 1648
5 1573 1646
31 1573 1612
99 1573 1674
12 1573 1593
20 1573 1593
62 1573 1646
57 1573 1653
43 1573 1621
90 1573 1725
54 1573 1653
93 1658 1763
31 1658 1741
85 1658 1834
67 1658 1818
14 1658 1737
75 1658 1754
81 1658 1769
44 1658 1777
77 1658 1847
10 1658 1793
67 1658 1770
48 1658 1842
68 1658 1742
96 1658 1783
35 1658 1838
35 1658 1761
14 1658 1823
43 1853 1927
11 1853 1894
51 1853 1929
58 1853 1938
30 1853 1952
51 1853 1976
31 1853 1903
62 1853 1943
32 1853 1971
54 1853 1949
44 1853 1897
54 1853 1961
40 1853 1971
77 1853 1952
47 1853 1935
74 1853 1957
24 1853 1950
34 1994 2114
82 1994 2164
32 1994 2200
68 1994 2064
20 1994 2029
47 1994 2114
53 1994 2082
72 1994 2227
33 1994 2152
97 1994 2214
85 1994 2223
36 1994 2078
52 1994 2069
71 1994 2141
48 1994 2193
95 1994 2173
68 1994 2189
30 2234 2319
88 2234 2365
42 2234 2281
64 2234 2300
19 2234 2320
1 2234 2315
26 2234 2271
29 2234 2316
78 2234 2317
72 2234 2311
20 2234 2280
77 2234 2319
49 2234 2319
96 2234 2388
72 2234 2312
33 2234 2271
80 2234 2315
76 2321 2470
69 2321 2434
46 2321 2372
24 2321 2347
28 2321 2349
16 2321 2353
47 2321 2373
22 2321 2365
14 2321 2354
98 2321 2512
61 2321 2408
13 2321 2374
60 2321 2431
34 2321 2369
3 2321 2326
20 2321 2361
57 2321 2389
74 2377 2461
24 2377 2436
81 2377 2459
4 2377 2395
57 2377 2456
48 2377 2431
48 2377 2446
79 2377 2459
71 2377 2461
54 2377 2443
20 2377 2460
95 2377 2499
80 2377 2458
51 2377 2447
79 2377 2457
79 2377 2461
6 2377 2427
2 2462 2484
5 2462 2479
20 2462 2484
84 2462 2602
69 2462 2570
67 2462 2535
12 2462 2482
39 2462 2535
16 2462 2480
7 2462 2477
33 2462 2514
32 2462 2504
92 2462 2588
83 2462 2579
64 2462 2571
42 2462 2521
40 2462 2517
45 2486 2560
45 2486 2579
50 2486 2546
95 2486 2582
94 2486 2581
18 2486 2554
24 2486 2571
40 2486 2569
60 2486 2548