450
94 0 178
79 0 121
3 0 62
17 0 57
11 0 51
70 0 70
12 0 12
39 0 66
35 0 75
51 0 74
53 0 60
58 0 70
80 0 95
41 0 56
79 0 153
23 0 57
73 0 73
29 76 191
33 76 131
81 76 177
16 76 186
21 76 154
49 76 143
91 76 167
13 76 193
70 76 260
86 76 182
2 76 256
8 76 169
79 76 177
55 76 163
51 76 160
38 76 187
50 76 193
55 265 323
68 265 453
53 265 348
74 265 354
77 265 451
3 265 321
5 265 284
32 265 368
89 265 389
61 265 462
74 265 342
98 265 433
99 265 437
21 265 431
91 265 376
23 265 339
28 265 333
99 468 628
48 468 569
8 468 692
40 468 663
54 468 597
59 468 605
70 468 603
63 468 658
99 468 677
72 468 562
21 468 511
94 468 657
41 468 651
18 468 587
72 468 660
39 468 637
82 468 602
25 695 798
79 695 795
83 695 788
31 695 734
81 695 819
10 695 710
56 695 807
75 695 791
27 695 753
98 695 816
71 695 816
96 695 794
62 695 804
4 695 719
80 695 789
83 695 808
17 695 755
88 821 929
91 821 924
1 821 824
80 821 928
72 821 957
45 821 876
57 821 891
79 821 932
2 821 825
28 821 849
48 821 892
82 821 903
23 821 849
92 821 969
14 821 851
9 821 834
5 821 832
71 855 927
3 855 932
79 855 970
61 855 958
49 855 943
34 855 921
62 855 954
89 855 975
75 855 994
29 855 949
89 855 1007
74 855 994
44 855 1008
1 855 936
87 855 997
33 855 913
89 855 948
43 1016 1064
66 1016 1082
31 1016 1078
35 1016 1074
31 1016 1079
53 1016 1073
1 1016 1038
71 1016 1095
36 1016 1054
98 1016 1152
29 1016 1076
17 1016 1068
5 1016 1026
50 1016 1074
71 1016 1129
64 1016 1082
94 1016 1114
100 1083 1216
15 1083 1100
41 1083 1140
49 1083 1147
41 1083 1139
55 1083 1180
81 1083 1212
98 1083 1241
33 1083 1128
87 1083 1180
12 1083 1096
62 1083 1161
53 1083 1175
47 1083 1148
36 1083 1138
52 1083 1158
58 1083 1178
85 1103 1256
75 1103 1234
54 1103 1217
19 1103 1213
8 1103 1138
84 1103 1242
33 1103 1265
46 1103 1260
72 1103 1248
31 1103 1242
69 1103 1174
25 1103 1252
70 1103 1260
83 1103 1262
40 1103 1155
54 1103 1187
18 1103 1126
43 1271 1446
77 1271 1463
19 1271 1433
84 1271 1405
52 1271 1351
45 1271 1335
96 1271 1418
20 1271 1409
54 1271 1443
21 1271 1317
9 1271 1306
74 1271 1462
65 1271 1411
29 1271 1403
77 1271 1430
92 1271 1387
14 1271 1326
72 1464 1571
99 1464 1606
9 1464 1505
61 1464 1595
24 1464 1515
90 1464 1586
86 1464 1574
53 1464 1566
32 1464 1541
12 1464 1501
30 1464 1528
3 1464 1608
41 1464 1505
6 1464 1590
76 1464 1599
8 1464 1493
17 1464 1606
84 1615 1704
67 1615 1687
42 1615 1665
70 1615 1686
67 1615 1683
65 1615 1684
43 1615 1678
10 1615 1646
82 1615 1713
25 1615 1650
95 1615 1754
37 1615 1684
61 1615 1677
97 1615 1772
7 1615 1688
7 1615 1678
83 1615 1777
33 1689 1867
50 1689 1740
92 1689 1857
42 1689 1897
91 1689 1813
48 1689 1794
2 1689 1882
21 1689 1895
79 1689 1898
57 1689 1814
22 1689 1828
37 1689 1879
7 1689 1765
63 1689 1799
49 1689 1853
60 1689 1892
98 1689 1898
23 1899 1950
36 1899 1966
50 1899 1954
70 1899 1969
30 1899 1949
41 1899 1941
97 1899 2085
17 1899 1974
38 1899 1959
100 1899 2003
64 1899 1969
100 1899 2095
50 1899 1959
95 1899 2081
57 1899 1972
71 1899 1974
55 1899 1964
14 1975 2007
31 1975 2007
97 1975 2076
52 1975 2046
61 1975 2063
58 1975 2051
21 1975 1997
68 1975 2094
6 1975 1984
74 1975 2118
87 1975 2108
41 1975 2047
97 1975 2136
31 1975 2007
7 1975 1994
1 1975 2000
67 1975 2047
65 2008 2121
2 2008 2026
37 2008 2068
3 2008 2017
44 2008 2093
34 2008 2042
32 2008 2041
3 2008 2015
20 2008 2031
85 2008 2118
17 2008 2035
14 2008 2025
75 2008 2111
61 2008 2086
3 2008 2013
60 2008 2102
99 2008 2139
30 2043 2075
72 2043 2129
3 2043 2100
65 2043 2143
23 2043 2082
18 2043 2122
41 2043 2149
24 2043 2126
46 2043 2094
50 2043 2119
30 2043 2110
54 2043 2143
95 2043 2166
61 2043 2149
15 2043 2072
13 2043 2064
83 2043 2159
60 2177 2314
95 2177 2283
48 2177 2253
100 2177 2302
99 2177 2336
25 2177 2204
83 2177 2326
23 2177 2352
50 2177 2361
90 2177 2346
56 2177 2241
33 2177 2225
50 2177 2294
32 2177 2299
8 2177 2194
4 2177 2211
61 2177 2283
35 2367 2431
81 2367 2466
95 2367 2467
76 2367 2454
40 2367 2468
49 2367 2470
30 2367 2448
5 2367 2434
27 2367 2435
75 2367 2470
97 2367 2467
90 2367 2462
61 2367 2457
44 2367 2415
51 2367 2442
40 2367 2422
65 2367 2465
29 2472 2504
39 2472 2539
91 2472 2564
10 2472 2529
83 2472 2558
72 2472 2565
1 2472 2556
58 2472 2556
84 2472 2558
28 2472 2528
37 2472 2516
90 2472 2566
96 2472 2585
85 2472 2562
10 2472 2562
42 2472 2517
78 2472 2552
43 2567 2619
72 2567 2643
5 2567 2649
24 2567 2615
73 2567 2658
95 2567 2664
81 2567 2651
15 2567 2582
55 2567 2643
89 2567 2667
80 2567 2672
24 2567 2628
67 2567 2645
53 2567 2633
2 2567 2588
43 2567 2659
47 2567 2626
49 2675 2728
27 2675 2720
6 2675 2723
42 2675 2728
63 2675 2764
99 2675 2834
42 2675 2721
86 2675 2807
100 2675 2832
56 2675 2761
57 2675 2761
26 2675 2712
52 2675 2727
87 2675 2787
92 2675 2782
84 2675 2783
26 2675 2717
7 2729 2740
4 2729 2802
97 2729 2827
15 2729 2844
58 2729 2801
90 2729 2832
43 2729 2797
57 2729 2859
8 2729 2754
35 2729 2796
79 2729 2843
50 2729 2862
41 2729 2869
11 2729 2828
51 2729 2796
37 2729 2826
39 2729 2830
15 2893 2928
30 2893 3020
4 2893 2974
4 2893 3018
48 2893 2958
87 2893 2984
30 2893 2980
48 2893 2978
29 2893 2971
34 2893 2987
91 2893 3009
42 2893 2936
94 2893 3014
97 2893 2999
81 2893 2977
71 2893 2969
63 2893 2966
7 3024 3064
38 3024 3077
76 3024 3182
81 3024 3180
11 3024 3076
80 3024 3147
10 3024 3118
75 3024 3099
18 3024 3132
60 3024 3171
95 3024 3130
83 3024 3159
56 3024 3173
10 3024 3140
6 3024 3060
90 3024 3175
88 3024 3139
63 3186 3260
9 3186 3273
81 3186 3281
43 3186 3242
8 3186 3227
77 3186 3268
34 3186 3261
3 3186 3260