50
60 0 84
36 0 42
22 0 39
41 0 49
89 0 174
72 0 102
45 53 98
64 53 121
28 53 116
8 53 106
76 53 140
94 53 157
1 127 152
71 127 261
55 127 200
47 127 196
72 127 199
74 127 221
7 165 172
36 165 220
18 165 187
37 165 238
54 165 252
33 165 198
61 199 299
31 199 230
65 199 327
49 199 284
79 199 286
63 199 307
28 233 261
7 233 241
78 233 358
8 233 241
77 233 310
98 233 383
34 246 289
96 246 424
55 246 339
43 246 323
54 246 301
25 246 292
83 252 352
37 252 322
24 252 297
32 252 286
8 252 273
49 252 318
56 275 333
23 275 325