500
82 0 104
72 0 106
67 0 105
31 0 46
49 0 91
60 0 98
67 0 85
93 0 95
7 0 106
85 0 104
30 0 98
77 0 88
63 0 82
12 0 99
68 0 95
9 0 71
57 107 164
50 107 181
86 107 196
23 107 183
7 107 116
57 107 166
15 107 159
44 107 178
32 107 162
6 107 128
79 107 189
7 107 138
63 107 181
67 107 174
42 107 177
78 107 192
75 199 298
87 199 296
11 199 241
42 199 241
72 199 315
51 199 286
67 199 301
15 199 227
60 199 272
20 199 226
21 199 231
50 199 262
86 199 324
22 199 228
60 199 264
23 199 239
91 242 413
99 242 425
95 242 393
53 242 343
75 242 359
64 242 321
43 242 322
16 242 261
67 242 364
3 242 253
34 242 293
37 242 288
1 242 248
86 242 354
19 242 261
91 242 347
71 263 381
99 263 366
66 263 331
57 263 324
47 263 317
85 263 373
66 263 345
23 263 317
74 263 375
49 263 322
68 263 343
70 263 370
24 263 307
56 263 323
17 263 286
1 263 287
72 327 460
76 327 467
30 327 396
96 327 496
84 327 428
13 327 385
55 327 384
82 327 476
51 327 386
86 327 478
78 327 449
73 327 403
85 327 479
29 327 391
78 327 451
16 327 360
15 397 487
39 397 519
28 397 440
42 397 498
4 397 519
39 397 502
56 397 490
61 397 518
74 397 485
53 397 461
91 397 497
66 397 482
85 397 512
50 397 484
87 397 507
62 397 474
5 523 658
66 523 601
64 523 623
68 523 661
46 523 663
92 523 696
74 523 645
94 523 709
89 523 685
40 523 570
90 523 635
77 523 618
93 523 726
91 523 715
14 523 721
33 523 608
35 756 851
12 756 867
39 756 849
64 756 863
69 756 853
48 756 808
61 756 854
89 756 867
40 756 837
83 756 861
90 756 850
96 756 862
77 756 848
31 756 863
79 756 839
40 756 840
9 879 906
28 879 1128
43 879 1103
81 879 1051
77 879 1094
48 879 1019
88 879 1089
84 879 1017
69 879 985
89 879 1090
91 879 977
44 879 998
99 879 1044
97 879 1103
47 879 1129
98 879 1013
78 1135 1269
98 1135 1280
53 1135 1199
50 1135 1191
79 1135 1268
70 1135 1205
98 1135 1260
83 1135 1250
72 1135 1208
32 1135 1193
78 1135 1271
89 1135 1288
80 1135 1258
51 1135 1206
60 1135 1197
54 1135 1202
62 1209 1304
95 1209 1327
61 1209 1293
84 1209 1358
93 1209 1324
50 1209 1276
9 1209 1348
72 1209 1312
35 1209 1321
60 1209 1317
80 1209 1362
29 1209 1273
88 1209 1349
94 1209 1365
61 1209 1305
19 1209 1373
82 1376 1528
84 1376 1515
69 1376 1509
98 1376 1493
2 1376 1404
21 1376 1472
42 1376 1441
100 1376 1495
90 1376 1519
3 1376 1491
74 1376 1550
1 1376 1470
45 1376 1511
87 1376 1504
30 1376 1492
100 1376 1526
90 1554 1644
74 1554 1632
54 1554 1622
55 1554 1621
17 1554 1580
61 1554 1646
14 1554 1583
87 1554 1655
82 1554 1640
94 1554 1654
69 1554 1648
94 1554 1657
44 1554 1639
55 1554 1651
69 1554 1633
20 1554 1629
33 1658 1693
62 1658 1753
96 1658 1790
71 1658 1733
78 1658 1771
6 1658 1677
2 1658 1684
78 1658 1763
97 1658 1828
37 1658 1721
46 1658 1737
93 1658 1751
57 1658 1752
39 1658 1731
13 1658 1681
94 1658 1755
11 1689 1804
14 1689 1782
72 1689 1817
71 1689 1825
74 1689 1816
30 1689 1766
6 1689 1732
11 1689 1736
92 1689 1852
34 1689 1814
47 1689 1750
94 1689 1836
55 1689 1831
72 1689 1833
10 1689 1703
41 1689 1828
40 1869 1964
70 1869 1965
57 1869 1990
61 1869 1961
83 1869 1956
57 1869 1989
44 1869 1970
6 1869 1927
55 1869 1959
50 1869 2008
39 1869 2011
51 1869 1968
41 1869 2005
62 1869 1986
30 1869 1915
33 1869 1933
55 2013 2085
66 2013 2083
77 2013 2150
45 2013 2067
25 2013 2051
68 2013 2085
17 2013 2036
73 2013 2086
67 2013 2084
1 2013 2050
80 2013 2116
85 2013 2138
44 2013 2060
100 2013 2179
53 2013 2075
2 2013 2079
63 2087 2205
45 2087 2135
16 2087 2108
96 2087 2274
28 2087 2117
93 2087 2223
98 2087 2272
25 2087 2120
6 2087 2103
97 2087 2272
44 2087 2132
65 2087 2212
18 2087 2108
73 2087 2205
64 2087 2211
95 2087 2196
46 2124 2171
63 2124 2210
5 2124 2136
83 2124 2219
63 2124 2199
8 2124 2158
40 2124 2174
22 2124 2153
96 2124 2220
87 2124 2234
51 2124 2175
55 2124 2210
4 2124 2129
79 2124 2230
25 2124 2174
7 2124 2173
18 2176 2200
42 2176 2280
85 2176 2268
68 2176 2247
99 2176 2291
27 2176 2273
56 2176 2263
85 2176 2269
83 2176 2279
75 2176 2260
61 2176 2294
89 2176 2295
55 2176 2268
7 2176 2286
23 2176 2219
9 2176 2195
90 2296 2425
41 2296 2358
74 2296 2376
95 2296 2410
95 2296 2453
6 2296 2308
62 2296 2373
80 2296 2380
87 2296 2464
27 2296 2346
13 2296 2344
24 2296 2362
36 2296 2335
78 2296 2376
50 2296 2356
77 2296 2379
36 2382 2480
79 2382 2475
21 2382 2403
33 2382 2476
10 2382 2475
94 2382 2521
100 2382 2491
24 2382 2422
37 2382 2434
87 2382 2479
71 2382 2453
77 2382 2492
83 2382 2471
29 2382 2509
48 2382 2527
51 2382 2478
49 2528 2578
39 2528 2593
78 2528 2654
88 2528 2671
88 2528 2692
9 2528 2538
67 2528 2630
29 2528 2558
100 2528 2687
93 2528 2688
36 2528 2566
13 2528 2557
37 2528 2585
89 2528 2637
16 2528 2547
10 2528 2549
7 2562 2596
88 2562 2733
23 2562 2595
15 2562 2649
54 2562 2618
87 2562 2697
12 2562 2671
25 2562 2623
74 2562 2638
14 2562 2664
65 2562 2647
48 2562 2638
69 2562 2701
59 2562 2733
70 2562 2641
82 2562 2654
69 2737 2809
46 2737 2787
25 2737 2791
1 2737 2781
81 2737 2843
89 2737 2903
32 2737 2780
60 2737 2805
18 2737 2805
2 2737 2789
67 2737 2808
4 2737 2759
78 2737 2825
91 2737 2852
36 2737 2779
92 2737 2914
37 2811 2856
74 2811 2944
72 2811 2903
71 2811 2945
18 2811 2866
21 2811 2848
99 2811 2917
55 2811 2867
16 2811 2835
39 2811 2866
75 2811 2891
18 2811 2840
18 2811 2835
72 2811 2915
49 2811 2861
76 2811 2897
84 2868 2961
17 2868 2959
65 2868 2951
72 2868 2947
19 2868 2959
8 2868 2907
96 2868 3001
12 2868 2998
6 2868 2907
10 2868 3001
98 2868 2989
50 2868 2994
66 2868 2956
25 2868 2910
85 2868 2967
89 2868 2960
51 3007 3097
49 3007 3081
54 3007 3087
87 3007 3154
68 3007 3141
5 3007 3041
34 3007 3041
96 3007 3194
77 3007 3153
55 3007 3062
54 3007 3092
38 3007 3071
74 3007 3123
68 3007 3125
78 3007 3136
23 3007 3039
79 3045 3246
17 3045 3134
60 3045 3115
40 3045 3193
82 3045 3137
51 3045 3154
59 3045 3232
11 3045 3092
88 3045 3219
12 3045 3187
98 3045 3213
68 3045 3138
76 3045 3168
19 3045 3080
99 3045 3248
83 3045 3139
65 3277 3357
96 3277 3386
7 3277 3334
84 3277 3368
66 3277 3386
71 3277 3374
12 3277 3332
15 3277 3391
51 3277 3332
62 3277 3356
88 3277 3375
58 3277 3348
45 3277 3336
9 3277 3300
4 3277 3320
97 3277 3386
29 3394 3436
22 3394 3425
85 3394 3553
73 3394 3477